0,0,0,0,0,0,0,0,0,0,0
1,0,0,0,0,0,0,0,0,0,0.25
2,0,0,0,0,0,0,0,0,0.25,0
3,0,0,0,0,0,0,0,0,0.25,0.25
4,0,0,0,0,0,0,0,0.25,0,0
5,0,0,0,0,0,0,0,0.25,0,0.25
6,0,0,0,0,0,0,0,0.25,0.25,0
7,0,0,0,0,0,0,0,0.25,0.25,0.25
8,0,0,0,0,0,0,0.25,0,0,0
9,0,0,0,0,0,0,0.25,0,0,0.25
10,0,0,0,0,0,0,0.25,0,0.25,0
11,0,0,0,0,0,0,0.25,0,0.25,0.25
12,0,0,0,0,0,0,0.25,0.25,0,0
13,0,0,0,0,0,0,0.25,0.25,0,0.25
14,0,0,0,0,0,0,0.25,0.25,0.25,0
15,0,0,0,0,0,0,0.25,0.25,0.25,0.25
16,0,0,0,0,0,0.25,0,0,0,0
17,0,0,0,0,0,0.25,0,0,0,0.25
18,0,0,0,0,0,0.25,0,0,0.25,0
19,0,0,0,0,0,0.25,0,0,0.25,0.25
20,0,0,0,0,0,0.25,0,0.25,0,0
21,0,0,0,0,0,0.25,0,0.25,0,0.25
22,0,0,0,0,0,0.25,0,0.25,0.25,0
23,0,0,0,0,0,0.25,0,0.25,0.25,0.25
24,0,0,0,0,0,0.25,0.25,0,0,0
25,0,0,0,0,0,0.25,0.25,0,0,0.25
26,0,0,0,0,0,0.25,0.25,0,0.25,0
27,0,0,0,0,0,0.25,0.25,0,0.25,0.25
28,0,0,0,0,0,0.25,0.25,0.25,0,0
29,0,0,0,0,0,0.25,0.25,0.25,0,0.25
30,0,0,0,0,0,0.25,0.25,0.25,0.25,0
31,0,0,0,0,0,0.25,0.25,0.25,0.25,0.25
32,0,0,0,0,0.25,0,0,0,0,0
33,0,0,0,0,0.25,0,0,0,0,0.25
34,0,0,0,0,0.25,0,0,0,0.25,0
35,0,0,0,0,0.25,0,0,0,0.25,0.25
36,0,0,0,0,0.25,0,0,0.25,0,0
37,0,0,0,0,0.25,0,0,0.25,0,0.25
38,0,0,0,0,0.25,0,0,0.25,0.25,0
39,0,0,0,0,0.25,0,0,0.25,0.25,0.25
40,0,0,0,0,0.25,0,0.25,0,0,0
41,0,0,0,0,0.25,0,0.25,0,0,0.25
42,0,0,0,0,0.25,0,0.25,0,0.25,0
43,0,0,0,0,0.25,0,0.25,0,0.25,0.25
44,0,0,0,0,0.25,0,0.25,0.25,0,0
45,0,0,0,0,0.25,0,0.25,0.25,0,0.25
46,0,0,0,0,0.25,0,0.25,0.25,0.25,0
47,0,0,0,0,0.25,0,0.25,0.25,0.25,0.25
48,0,0,0,0,0.25,0.25,0,0,0,0
49,0,0,0,0,0.25,0.25,0,0,0,0.25
51,0,0,0,0,0.25,0.25,0,0,0.25,0.25
52,0,0,0,0,0.25,0.25,0,0.25,0,0
53,0,0,0,0,0.25,0.25,0,0.25,0,0.25
54,0,0,0,0,0.25,0.25,0,0.25,0.25,0
55,0,0,0,0,0.25,0.25,0,0.25,0.25,0.25
56,0,0,0,0,0.25,0.25,0.25,0,0,0
57,0,0,0,0,0.25,0.25,0.25,0,0,0.25
58,0,0,0,0,0.25,0.25,0.25,0,0.25,0
59,0,0,0,0,0.25,0.25,0.25,0,0.25,0.25
60,0,0,0,0,0.25,0.25,0.25,0.25,0,0
61,0,0,0,0,0.25,0.25,0.25,0.25,0,0.25
62,0,0,0,0,0.25,0.25,0.25,0.25,0.25,0
63,0,0,0,0,0.25,0.25,0.25,0.25,0.25,0.25
64,0,0,0,0.25,0,0,0,0,0,0
65,0,0,0,0.25,0,0,0,0,0,0.25
66,0,0,0,0.25,0,0,0,0,0.25,0
68,0,0,0,0.25,0,0,0,0.25,0,0
69,0,0,0,0.25,0,0,0,0.25,0,0.25
70,0,0,0,0.25,0,0,0,0.25,0.25,0
71,0,0,0,0.25,0,0,0,0.25,0.25,0.25
72,0,0,0,0.25,0,0,0.25,0,0,0
73,0,0,0,0.25,0,0,0.25,0,0,0.25
74,0,0,0,0.25,0,0,0.25,0,0.25,0
75,0,0,0,0.25,0,0,0.25,0,0.25,0.25
76,0,0,0,0.25,0,0,0.25,0.25,0,0
77,0,0,0,0.25,0,0,0.25,0.25,0,0.25
78,0,0,0,0.25,0,0,0.25,0.25,0.25,0
79,0,0,0,0.25,0,0,0.25,0.25,0.25,0.25
80,0,0,0,0.25,0,0.25,0,0,0,0
81,0,0,0,0.25,0,0.25,0,0,0,0.25
82,0,0,0,0.25,0,0.25,0,0,0.25,0
83,0,0,0,0.25,0,0.25,0,0,0.25,0.25
84,0,0,0,0.25,0,0.25,0,0.25,0,0
85,0,0,0,0.25,0,0.25,0,0.25,0,0.25
86,0,0,0,0.25,0,0.25,0,0.25,0.25,0
87,0,0,0,0.25,0,0.25,0,0.25,0.25,0.25
88,0,0,0,0.25,0,0.25,0.25,0,0,0
89,0,0,0,0.25,0,0.25,0.25,0,0,0.25
90,0,0,0,0.25,0,0.25,0.25,0,0.25,0
91,0,0,0,0.25,0,0.25,0.25,0,0.25,0.25
92,0,0,0,0.25,0,0.25,0.25,0.25,0,0
93,0,0,0,0.25,0,0.25,0.25,0.25,0,0.25
94,0,0,0,0.25,0,0.25,0.25,0.25,0.25,0
95,0,0,0,0.25,0,0.25,0.25,0.25,0.25,0.25
96,0,0,0,0.25,0.25,0,0,0,0,0
97,0,0,0,0.25,0.25,0,0,0,0,0.25
100,0,0,0,0.25,0.25,0,0,0.25,0,0
101,0,0,0,0.25,0.25,0,0,0.25,0,0.25
102,0,0,0,0.25,0.25,0,0,0.25,0.25,0
104,0,0,0,0.25,0.25,0,0.25,0,0,0
105,0,0,0,0.25,0.25,0,0.25,0,0,0.25
107,0,0,0,0.25,0.25,0,0.25,0,0.25,0.25
108,0,0,0,0.25,0.25,0,0.25,0.25,0,0
109,0,0,0,0.25,0.25,0,0.25,0.25,0,0.25
110,0,0,0,0.25,0.25,0,0.25,0.25,0.25,0
111,0,0,0,0.25,0.25,0,0.25,0.25,0.25,0.25
112,0,0,0,0.25,0.25,0.25,0,0,0,0
113,0,0,0,0.25,0.25,0.25,0,0,0,0.25
116,0,0,0,0.25,0.25,0.25,0,0.25,0,0
117,0,0,0,0.25,0.25,0.25,0,0.25,0,0.25
120,0,0,0,0.25,0.25,0.25,0.25,0,0,0
121,0,0,0,0.25,0.25,0.25,0.25,0,0,0.25
124,0,0,0,0.25,0.25,0.25,0.25,0.25,0,0
125,0,0,0,0.25,0.25,0.25,0.25,0.25,0,0.25
127,0,0,0,0.25,0.25,0.25,0.25,0.25,0.25,0.25
128,0,0,0.25,0,0,0,0,0,0,0
129,0,0,0.25,0,0,0,0,0,0,0.25
130,0,0,0.25,0,0,0,0,0,0.25,0
131,0,0,0.25,0,0,0,0,0,0.25,0.25
132,0,0,0.25,0,0,0,0,0.25,0,0
133,0,0,0.25,0,0,0,0,0.25,0,0.25
134,0,0,0.25,0,0,0,0,0.25,0.25,0
135,0,0,0.25,0,0,0,0,0.25,0.25,0.25
136,0,0,0.25,0,0,0,0.25,0,0,0
137,0,0,0.25,0,0,0,0.25,0,0,0.25
138,0,0,0.25,0,0,0,0.25,0,0.25,0
139,0,0,0.25,0,0,0,0.25,0,0.25,0.25
140,0,0,0.25,0,0,0,0.25,0.25,0,0
141,0,0,0.25,0,0,0,0.25,0.25,0,0.25
142,0,0,0.25,0,0,0,0.25,0.25,0.25,0
143,0,0,0.25,0,0,0,0.25,0.25,0.25,0.25
144,0,0,0.25,0,0,0.25,0,0,0,0
145,0,0,0.25,0,0,0.25,0,0,0,0.25
146,0,0,0.25,0,0,0.25,0,0,0.25,0
147,0,0,0.25,0,0,0.25,0,0,0.25,0.25
148,0,0,0.25,0,0,0.25,0,0.25,0,0
149,0,0,0.25,0,0,0.25,0,0.25,0,0.25
150,0,0,0.25,0,0,0.25,0,0.25,0.25,0
151,0,0,0.25,0,0,0.25,0,0.25,0.25,0.25
152,0,0,0.25,0,0,0.25,0.25,0,0,0
153,0,0,0.25,0,0,0.25,0.25,0,0,0.25
154,0,0,0.25,0,0,0.25,0.25,0,0.25,0
155,0,0,0.25,0,0,0.25,0.25,0,0.25,0.25
156,0,0,0.25,0,0,0.25,0.25,0.25,0,0
157,0,0,0.25,0,0,0.25,0.25,0.25,0,0.25
158,0,0,0.25,0,0,0.25,0.25,0.25,0.25,0
159,0,0,0.25,0,0,0.25,0.25,0.25,0.25,0.25
160,0,0,0.25,0,0.25,0,0,0,0,0
161,0,0,0.25,0,0.25,0,0,0,0,0.25
162,0,0,0.25,0,0.25,0,0,0,0.25,0
163,0,0,0.25,0,0.25,0,0,0,0.25,0.25
164,0,0,0.25,0,0.25,0,0,0.25,0,0
165,0,0,0.25,0,0.25,0,0,0.25,0,0.25
166,0,0,0.25,0,0.25,0,0,0.25,0.25,0
167,0,0,0.25,0,0.25,0,0,0.25,0.25,0.25
168,0,0,0.25,0,0.25,0,0.25,0,0,0
169,0,0,0.25,0,0.25,0,0.25,0,0,0.25
170,0,0,0.25,0,0.25,0,0.25,0,0.25,0
171,0,0,0.25,0,0.25,0,0.25,0,0.25,0.25
172,0,0,0.25,0,0.25,0,0.25,0.25,0,0
173,0,0,0.25,0,0.25,0,0.25,0.25,0,0.25
174,0,0,0.25,0,0.25,0,0.25,0.25,0.25,0
175,0,0,0.25,0,0.25,0,0.25,0.25,0.25,0.25
176,0,0,0.25,0,0.25,0.25,0,0,0,0
177,0,0,0.25,0,0.25,0.25,0,0,0,0.25
180,0,0,0.25,0,0.25,0.25,0,0.25,0,0
181,0,0,0.25,0,0.25,0.25,0,0.25,0,0.25
182,0,0,0.25,0,0.25,0.25,0,0.25,0.25,0
183,0,0,0.25,0,0.25,0.25,0,0.25,0.25,0.25
184,0,0,0.25,0,0.25,0.25,0.25,0,0,0
185,0,0,0.25,0,0.25,0.25,0.25,0,0,0.25
186,0,0,0.25,0,0.25,0.25,0.25,0,0.25,0
187,0,0,0.25,0,0.25,0.25,0.25,0,0.25,0.25
188,0,0,0.25,0,0.25,0.25,0.25,0.25,0,0
189,0,0,0.25,0,0.25,0.25,0.25,0.25,0,0.25
190,0,0,0.25,0,0.25,0.25,0.25,0.25,0.25,0
191,0,0,0.25,0,0.25,0.25,0.25,0.25,0.25,0.25
192,0,0,0.25,0.25,0,0,0,0,0,0
193,0,0,0.25,0.25,0,0,0,0,0,0.25
194,0,0,0.25,0.25,0,0,0,0,0.25,0
195,0,0,0.25,0.25,0,0,0,0,0.25,0.25
196,0,0,0.25,0.25,0,0,0,0.25,0,0
197,0,0,0.25,0.25,0,0,0,0.25,0,0.25
198,0,0,0.25,0.25,0,0,0,0.25,0.25,0
199,0,0,0.25,0.25,0,0,0,0.25,0.25,0.25
200,0,0,0.25,0.25,0,0,0.25,0,0,0
201,0,0,0.25,0.25,0,0,0.25,0,0,0.25
202,0,0,0.25,0.25,0,0,0.25,0,0.25,0
203,0,0,0.25,0.25,0,0,0.25,0,0.25,0.25
204,0,0,0.25,0.25,0,0,0.25,0.25,0,0
205,0,0,0.25,0.25,0,0,0.25,0.25,0,0.25
206,0,0,0.25,0.25,0,0,0.25,0.25,0.25,0
207,0,0,0.25,0.25,0,0,0.25,0.25,0.25,0.25
208,0,0,0.25,0.25,0,0.25,0,0,0,0
209,0,0,0.25,0.25,0,0.25,0,0,0,0.25
210,0,0,0.25,0.25,0,0.25,0,0,0.25,0
211,0,0,0.25,0.25,0,0.25,0,0,0.25,0.25
212,0,0,0.25,0.25,0,0.25,0,0.25,0,0
213,0,0,0.25,0.25,0,0.25,0,0.25,0,0.25
214,0,0,0.25,0.25,0,0.25,0,0.25,0.25,0
215,0,0,0.25,0.25,0,0.25,0,0.25,0.25,0.25
216,0,0,0.25,0.25,0,0.25,0.25,0,0,0
217,0,0,0.25,0.25,0,0.25,0.25,0,0,0.25
218,0,0,0.25,0.25,0,0.25,0.25,0,0.25,0
219,0,0,0.25,0.25,0,0.25,0.25,0,0.25,0.25
220,0,0,0.25,0.25,0,0.25,0.25,0.25,0,0
221,0,0,0.25,0.25,0,0.25,0.25,0.25,0,0.25
222,0,0,0.25,0.25,0,0.25,0.25,0.25,0.25,0
223,0,0,0.25,0.25,0,0.25,0.25,0.25,0.25,0.25
224,0,0,0.25,0.25,0.25,0,0,0,0,0
225,0,0,0.25,0.25,0.25,0,0,0,0,0.25
226,0,0,0.25,0.25,0.25,0,0,0,0.25,0
228,0,0,0.25,0.25,0.25,0,0,0.25,0,0
229,0,0,0.25,0.25,0.25,0,0,0.25,0,0.25
230,0,0,0.25,0.25,0.25,0,0,0.25,0.25,0
231,0,0,0.25,0.25,0.25,0,0,0.25,0.25,0.25
232,0,0,0.25,0.25,0.25,0,0.25,0,0,0
233,0,0,0.25,0.25,0.25,0,0.25,0,0,0.25
234,0,0,0.25,0.25,0.25,0,0.25,0,0.25,0
235,0,0,0.25,0.25,0.25,0,0.25,0,0.25,0.25
236,0,0,0.25,0.25,0.25,0,0.25,0.25,0,0
237,0,0,0.25,0.25,0.25,0,0.25,0.25,0,0.25
238,0,0,0.25,0.25,0.25,0,0.25,0.25,0.25,0
239,0,0,0.25,0.25,0.25,0,0.25,0.25,0.25,0.25
240,0,0,0.25,0.25,0.25,0.25,0,0,0,0
241,0,0,0.25,0.25,0.25,0.25,0,0,0,0.25
244,0,0,0.25,0.25,0.25,0.25,0,0.25,0,0
245,0,0,0.25,0.25,0.25,0.25,0,0.25,0,0.25
248,0,0,0.25,0.25,0.25,0.25,0.25,0,0,0
249,0,0,0.25,0.25,0.25,0.25,0.25,0,0,0.25
252,0,0,0.25,0.25,0.25,0.25,0.25,0.25,0,0
253,0,0,0.25,0.25,0.25,0.25,0.25,0.25,0,0.25
256,0,0.25,0,0,0,0,0,0,0,0
257,0,0.25,0,0,0,0,0,0,0,0.25
258,0,0.25,0,0,0,0,0,0,0.25,0
259,0,0.25,0,0,0,0,0,0,0.25,0.25
260,0,0.25,0,0,0,0,0,0.25,0,0
261,0,0.25,0,0,0,0,0,0.25,0,0.25
262,0,0.25,0,0,0,0,0,0.25,0.25,0
263,0,0.25,0,0,0,0,0,0.25,0.25,0.25
264,0,0.25,0,0,0,0,0.25,0,0,0
265,0,0.25,0,0,0,0,0.25,0,0,0.25
266,0,0.25,0,0,0,0,0.25,0,0.25,0
267,0,0.25,0,0,0,0,0.25,0,0.25,0.25
268,0,0.25,0,0,0,0,0.25,0.25,0,0
269,0,0.25,0,0,0,0,0.25,0.25,0,0.25
270,0,0.25,0,0,0,0,0.25,0.25,0.25,0
271,0,0.25,0,0,0,0,0.25,0.25,0.25,0.25
272,0,0.25,0,0,0,0.25,0,0,0,0
273,0,0.25,0,0,0,0.25,0,0,0,0.25
274,0,0.25,0,0,0,0.25,0,0,0.25,0
275,0,0.25,0,0,0,0.25,0,0,0.25,0.25
276,0,0.25,0,0,0,0.25,0,0.25,0,0
277,0,0.25,0,0,0,0.25,0,0.25,0,0.25
278,0,0.25,0,0,0,0.25,0,0.25,0.25,0
279,0,0.25,0,0,0,0.25,0,0.25,0.25,0.25
280,0,0.25,0,0,0,0.25,0.25,0,0,0
281,0,0.25,0,0,0,0.25,0.25,0,0,0.25
282,0,0.25,0,0,0,0.25,0.25,0,0.25,0
283,0,0.25,0,0,0,0.25,0.25,0,0.25,0.25
284,0,0.25,0,0,0,0.25,0.25,0.25,0,0
285,0,0.25,0,0,0,0.25,0.25,0.25,0,0.25
286,0,0.25,0,0,0,0.25,0.25,0.25,0.25,0
287,0,0.25,0,0,0,0.25,0.25,0.25,0.25,0.25
288,0,0.25,0,0,0.25,0,0,0,0,0
289,0,0.25,0,0,0.25,0,0,0,0,0.25
290,0,0.25,0,0,0.25,0,0,0,0.25,0
291,0,0.25,0,0,0.25,0,0,0,0.25,0.25
292,0,0.25,0,0,0.25,0,0,0.25,0,0
293,0,0.25,0,0,0.25,0,0,0.25,0,0.25
294,0,0.25,0,0,0.25,0,0,0.25,0.25,0
295,0,0.25,0,0,0.25,0,0,0.25,0.25,0.25
296,0,0.25,0,0,0.25,0,0.25,0,0,0
297,0,0.25,0,0,0.25,0,0.25,0,0,0.25
298,0,0.25,0,0,0.25,0,0.25,0,0.25,0
299,0,0.25,0,0,0.25,0,0.25,0,0.25,0.25
300,0,0.25,0,0,0.25,0,0.25,0.25,0,0
301,0,0.25,0,0,0.25,0,0.25,0.25,0,0.25
302,0,0.25,0,0,0.25,0,0.25,0.25,0.25,0
303,0,0.25,0,0,0.25,0,0.25,0.25,0.25,0.25
304,0,0.25,0,0,0.25,0.25,0,0,0,0
305,0,0.25,0,0,0.25,0.25,0,0,0,0.25
306,0,0.25,0,0,0.25,0.25,0,0,0.25,0
307,0,0.25,0,0,0.25,0.25,0,0,0.25,0.25
308,0,0.25,0,0,0.25,0.25,0,0.25,0,0
309,0,0.25,0,0,0.25,0.25,0,0.25,0,0.25
310,0,0.25,0,0,0.25,0.25,0,0.25,0.25,0
311,0,0.25,0,0,0.25,0.25,0,0.25,0.25,0.25
312,0,0.25,0,0,0.25,0.25,0.25,0,0,0
313,0,0.25,0,0,0.25,0.25,0.25,0,0,0.25
314,0,0.25,0,0,0.25,0.25,0.25,0,0.25,0
315,0,0.25,0,0,0.25,0.25,0.25,0,0.25,0.25
316,0,0.25,0,0,0.25,0.25,0.25,0.25,0,0
317,0,0.25,0,0,0.25,0.25,0.25,0.25,0,0.25
318,0,0.25,0,0,0.25,0.25,0.25,0.25,0.25,0
319,0,0.25,0,0,0.25,0.25,0.25,0.25,0.25,0.25
320,0,0.25,0,0.25,0,0,0,0,0,0
321,0,0.25,0,0.25,0,0,0,0,0,0.25
322,0,0.25,0,0.25,0,0,0,0,0.25,0
323,0,0.25,0,0.25,0,0,0,0,0.25,0.25
324,0,0.25,0,0.25,0,0,0,0.25,0,0
325,0,0.25,0,0.25,0,0,0,0.25,0,0.25
326,0,0.25,0,0.25,0,0,0,0.25,0.25,0
327,0,0.25,0,0.25,0,0,0,0.25,0.25,0.25
328,0,0.25,0,0.25,0,0,0.25,0,0,0
329,0,0.25,0,0.25,0,0,0.25,0,0,0.25
330,0,0.25,0,0.25,0,0,0.25,0,0.25,0
331,0,0.25,0,0.25,0,0,0.25,0,0.25,0.25
332,0,0.25,0,0.25,0,0,0.25,0.25,0,0
333,0,0.25,0,0.25,0,0,0.25,0.25,0,0.25
334,0,0.25,0,0.25,0,0,0.25,0.25,0.25,0
335,0,0.25,0,0.25,0,0,0.25,0.25,0.25,0.25
336,0,0.25,0,0.25,0,0.25,0,0,0,0
337,0,0.25,0,0.25,0,0.25,0,0,0,0.25
338,0,0.25,0,0.25,0,0.25,0,0,0.25,0
339,0,0.25,0,0.25,0,0.25,0,0,0.25,0.25
340,0,0.25,0,0.25,0,0.25,0,0.25,0,0
341,0,0.25,0,0.25,0,0.25,0,0.25,0,0.25
342,0,0.25,0,0.25,0,0.25,0,0.25,0.25,0
343,0,0.25,0,0.25,0,0.25,0,0.25,0.25,0.25
344,0,0.25,0,0.25,0,0.25,0.25,0,0,0
345,0,0.25,0,0.25,0,0.25,0.25,0,0,0.25
346,0,0.25,0,0.25,0,0.25,0.25,0,0.25,0
347,0,0.25,0,0.25,0,0.25,0.25,0,0.25,0.25
348,0,0.25,0,0.25,0,0.25,0.25,0.25,0,0
349,0,0.25,0,0.25,0,0.25,0.25,0.25,0,0.25
350,0,0.25,0,0.25,0,0.25,0.25,0.25,0.25,0
351,0,0.25,0,0.25,0,0.25,0.25,0.25,0.25,0.25
352,0,0.25,0,0.25,0.25,0,0,0,0,0
353,0,0.25,0,0.25,0.25,0,0,0,0,0.25
354,0,0.25,0,0.25,0.25,0,0,0,0.25,0
356,0,0.25,0,0.25,0.25,0,0,0.25,0,0
357,0,0.25,0,0.25,0.25,0,0,0.25,0,0.25
358,0,0.25,0,0.25,0.25,0,0,0.25,0.25,0
359,0,0.25,0,0.25,0.25,0,0,0.25,0.25,0.25
360,0,0.25,0,0.25,0.25,0,0.25,0,0,0
361,0,0.25,0,0.25,0.25,0,0.25,0,0,0.25
362,0,0.25,0,0.25,0.25,0,0.25,0,0.25,0
363,0,0.25,0,0.25,0.25,0,0.25,0,0.25,0.25
364,0,0.25,0,0.25,0.25,0,0.25,0.25,0,0
365,0,0.25,0,0.25,0.25,0,0.25,0.25,0,0.25
366,0,0.25,0,0.25,0.25,0,0.25,0.25,0.25,0
367,0,0.25,0,0.25,0.25,0,0.25,0.25,0.25,0.25
368,0,0.25,0,0.25,0.25,0.25,0,0,0,0
369,0,0.25,0,0.25,0.25,0.25,0,0,0,0.25
372,0,0.25,0,0.25,0.25,0.25,0,0.25,0,0
373,0,0.25,0,0.25,0.25,0.25,0,0.25,0,0.25
374,0,0.25,0,0.25,0.25,0.25,0,0.25,0.25,0
376,0,0.25,0,0.25,0.25,0.25,0.25,0,0,0
377,0,0.25,0,0.25,0.25,0.25,0.25,0,0,0.25
378,0,0.25,0,0.25,0.25,0.25,0.25,0,0.25,0
379,0,0.25,0,0.25,0.25,0.25,0.25,0,0.25,0.25
380,0,0.25,0,0.25,0.25,0.25,0.25,0.25,0,0
381,0,0.25,0,0.25,0.25,0.25,0.25,0.25,0,0.25
382,0,0.25,0,0.25,0.25,0.25,0.25,0.25,0.25,0
383,0,0.25,0,0.25,0.25,0.25,0.25,0.25,0.25,0.25
384,0,0.25,0.25,0,0,0,0,0,0,0
385,0,0.25,0.25,0,0,0,0,0,0,0.25
386,0,0.25,0.25,0,0,0,0,0,0.25,0
387,0,0.25,0.25,0,0,0,0,0,0.25,0.25
388,0,0.25,0.25,0,0,0,0,0.25,0,0
389,0,0.25,0.25,0,0,0,0,0.25,0,0.25
390,0,0.25,0.25,0,0,0,0,0.25,0.25,0
391,0,0.25,0.25,0,0,0,0,0.25,0.25,0.25
392,0,0.25,0.25,0,0,0,0.25,0,0,0
393,0,0.25,0.25,0,0,0,0.25,0,0,0.25
394,0,0.25,0.25,0,0,0,0.25,0,0.25,0
395,0,0.25,0.25,0,0,0,0.25,0,0.25,0.25
396,0,0.25,0.25,0,0,0,0.25,0.25,0,0
397,0,0.25,0.25,0,0,0,0.25,0.25,0,0.25
398,0,0.25,0.25,0,0,0,0.25,0.25,0.25,0
399,0,0.25,0.25,0,0,0,0.25,0.25,0.25,0.25
400,0,0.25,0.25,0,0,0.25,0,0,0,0
401,0,0.25,0.25,0,0,0.25,0,0,0,0.25
402,0,0.25,0.25,0,0,0.25,0,0,0.25,0
403,0,0.25,0.25,0,0,0.25,0,0,0.25,0.25
404,0,0.25,0.25,0,0,0.25,0,0.25,0,0
405,0,0.25,0.25,0,0,0.25,0,0.25,0,0.25
406,0,0.25,0.25,0,0,0.25,0,0.25,0.25,0
407,0,0.25,0.25,0,0,0.25,0,0.25,0.25,0.25
408,0,0.25,0.25,0,0,0.25,0.25,0,0,0
409,0,0.25,0.25,0,0,0.25,0.25,0,0,0.25
410,0,0.25,0.25,0,0,0.25,0.25,0,0.25,0
411,0,0.25,0.25,0,0,0.25,0.25,0,0.25,0.25
412,0,0.25,0.25,0,0,0.25,0.25,0.25,0,0
413,0,0.25,0.25,0,0,0.25,0.25,0.25,0,0.25
414,0,0.25,0.25,0,0,0.25,0.25,0.25,0.25,0
415,0,0.25,0.25,0,0,0.25,0.25,0.25,0.25,0.25
416,0,0.25,0.25,0,0.25,0,0,0,0,0
417,0,0.25,0.25,0,0.25,0,0,0,0,0.25
418,0,0.25,0.25,0,0.25,0,0,0,0.25,0
419,0,0.25,0.25,0,0.25,0,0,0,0.25,0.25
420,0,0.25,0.25,0,0.25,0,0,0.25,0,0
421,0,0.25,0.25,0,0.25,0,0,0.25,0,0.25
422,0,0.25,0.25,0,0.25,0,0,0.25,0.25,0
423,0,0.25,0.25,0,0.25,0,0,0.25,0.25,0.25
424,0,0.25,0.25,0,0.25,0,0.25,0,0,0
425,0,0.25,0.25,0,0.25,0,0.25,0,0,0.25
426,0,0.25,0.25,0,0.25,0,0.25,0,0.25,0
427,0,0.25,0.25,0,0.25,0,0.25,0,0.25,0.25
428,0,0.25,0.25,0,0.25,0,0.25,0.25,0,0
429,0,0.25,0.25,0,0.25,0,0.25,0.25,0,0.25
430,0,0.25,0.25,0,0.25,0,0.25,0.25,0.25,0
431,0,0.25,0.25,0,0.25,0,0.25,0.25,0.25,0.25
432,0,0.25,0.25,0,0.25,0.25,0,0,0,0
433,0,0.25,0.25,0,0.25,0.25,0,0,0,0.25
434,0,0.25,0.25,0,0.25,0.25,0,0,0.25,0
435,0,0.25,0.25,0,0.25,0.25,0,0,0.25,0.25
436,0,0.25,0.25,0,0.25,0.25,0,0.25,0,0
437,0,0.25,0.25,0,0.25,0.25,0,0.25,0,0.25
438,0,0.25,0.25,0,0.25,0.25,0,0.25,0.25,0
439,0,0.25,0.25,0,0.25,0.25,0,0.25,0.25,0.25
440,0,0.25,0.25,0,0.25,0.25,0.25,0,0,0
441,0,0.25,0.25,0,0.25,0.25,0.25,0,0,0.25
442,0,0.25,0.25,0,0.25,0.25,0.25,0,0.25,0
443,0,0.25,0.25,0,0.25,0.25,0.25,0,0.25,0.25
444,0,0.25,0.25,0,0.25,0.25,0.25,0.25,0,0
445,0,0.25,0.25,0,0.25,0.25,0.25,0.25,0,0.25
446,0,0.25,0.25,0,0.25,0.25,0.25,0.25,0.25,0
447,0,0.25,0.25,0,0.25,0.25,0.25,0.25,0.25,0.25
448,0,0.25,0.25,0.25,0,0,0,0,0,0
449,0,0.25,0.25,0.25,0,0,0,0,0,0.25
450,0,0.25,0.25,0.25,0,0,0,0,0.25,0
451,0,0.25,0.25,0.25,0,0,0,0,0.25,0.25
452,0,0.25,0.25,0.25,0,0,0,0.25,0,0
453,0,0.25,0.25,0.25,0,0,0,0.25,0,0.25
454,0,0.25,0.25,0.25,0,0,0,0.25,0.25,0
455,0,0.25,0.25,0.25,0,0,0,0.25,0.25,0.25
456,0,0.25,0.25,0.25,0,0,0.25,0,0,0
457,0,0.25,0.25,0.25,0,0,0.25,0,0,0.25
458,0,0.25,0.25,0.25,0,0,0.25,0,0.25,0
459,0,0.25,0.25,0.25,0,0,0.25,0,0.25,0.25
460,0,0.25,0.25,0.25,0,0,0.25,0.25,0,0
461,0,0.25,0.25,0.25,0,0,0.25,0.25,0,0.25
462,0,0.25,0.25,0.25,0,0,0.25,0.25,0.25,0
463,0,0.25,0.25,0.25,0,0,0.25,0.25,0.25,0.25
464,0,0.25,0.25,0.25,0,0.25,0,0,0,0
465,0,0.25,0.25,0.25,0,0.25,0,0,0,0.25
466,0,0.25,0.25,0.25,0,0.25,0,0,0.25,0
467,0,0.25,0.25,0.25,0,0.25,0,0,0.25,0.25
468,0,0.25,0.25,0.25,0,0.25,0,0.25,0,0
469,0,0.25,0.25,0.25,0,0.25,0,0.25,0,0.25
470,0,0.25,0.25,0.25,0,0.25,0,0.25,0.25,0
471,0,0.25,0.25,0.25,0,0.25,0,0.25,0.25,0.25
472,0,0.25,0.25,0.25,0,0.25,0.25,0,0,0
473,0,0.25,0.25,0.25,0,0.25,0.25,0,0,0.25
474,0,0.25,0.25,0.25,0,0.25,0.25,0,0.25,0
475,0,0.25,0.25,0.25,0,0.25,0.25,0,0.25,0.25
476,0,0.25,0.25,0.25,0,0.25,0.25,0.25,0,0
477,0,0.25,0.25,0.25,0,0.25,0.25,0.25,0,0.25
478,0,0.25,0.25,0.25,0,0.25,0.25,0.25,0.25,0
479,0,0.25,0.25,0.25,0,0.25,0.25,0.25,0.25,0.25
480,0,0.25,0.25,0.25,0.25,0,0,0,0,0
481,0,0.25,0.25,0.25,0.25,0,0,0,0,0.25
482,0,0.25,0.25,0.25,0.25,0,0,0,0.25,0
483,0,0.25,0.25,0.25,0.25,0,0,0,0.25,0.25
484,0,0.25,0.25,0.25,0.25,0,0,0.25,0,0
485,0,0.25,0.25,0.25,0.25,0,0,0.25,0,0.25
486,0,0.25,0.25,0.25,0.25,0,0,0.25,0.25,0
487,0,0.25,0.25,0.25,0.25,0,0,0.25,0.25,0.25
488,0,0.25,0.25,0.25,0.25,0,0.25,0,0,0
489,0,0.25,0.25,0.25,0.25,0,0.25,0,0,0.25
490,0,0.25,0.25,0.25,0.25,0,0.25,0,0.25,0
491,0,0.25,0.25,0.25,0.25,0,0.25,0,0.25,0.25
492,0,0.25,0.25,0.25,0.25,0,0.25,0.25,0,0
493,0,0.25,0.25,0.25,0.25,0,0.25,0.25,0,0.25
494,0,0.25,0.25,0.25,0.25,0,0.25,0.25,0.25,0
495,0,0.25,0.25,0.25,0.25,0,0.25,0.25,0.25,0.25
496,0,0.25,0.25,0.25,0.25,0.25,0,0,0,0
497,0,0.25,0.25,0.25,0.25,0.25,0,0,0,0.25
500,0,0.25,0.25,0.25,0.25,0.25,0,0.25,0,0
501,0,0.25,0.25,0.25,0.25,0.25,0,0.25,0,0.25
502,0,0.25,0.25,0.25,0.25,0.25,0,0.25,0.25,0
503,0,0.25,0.25,0.25,0.25,0.25,0,0.25,0.25,0.25
504,0,0.25,0.25,0.25,0.25,0.25,0.25,0,0,0
505,0,0.25,0.25,0.25,0.25,0.25,0.25,0,0,0.25
506,0,0.25,0.25,0.25,0.25,0.25,0.25,0,0.25,0
507,0,0.25,0.25,0.25,0.25,0.25,0.25,0,0.25,0.25
508,0,0.25,0.25,0.25,0.25,0.25,0.25,0.25,0,0
509,0,0.25,0.25,0.25,0.25,0.25,0.25,0.25,0,0.25
510,0,0.25,0.25,0.25,0.25,0.25,0.25,0.25,0.25,0
511,0,0.25,0.25,0.25,0.25,0.25,0.25,0.25,0.25,0.25
512,0.25,0,0,0,0,0,0,0,0,0
513,0.25,0,0,0,0,0,0,0,0,0.25
514,0.25,0,0,0,0,0,0,0,0.25,0
515,0.25,0,0,0,0,0,0,0,0.25,0.25
516,0.25,0,0,0,0,0,0,0.25,0,0
517,0.25,0,0,0,0,0,0,0.25,0,0.25
518,0.25,0,0,0,0,0,0,0.25,0.25,0
519,0.25,0,0,0,0,0,0,0.25,0.25,0.25
520,0.25,0,0,0,0,0,0.25,0,0,0
521,0.25,0,0,0,0,0,0.25,0,0,0.25
522,0.25,0,0,0,0,0,0.25,0,0.25,0
523,0.25,0,0,0,0,0,0.25,0,0.25,0.25
524,0.25,0,0,0,0,0,0.25,0.25,0,0
525,0.25,0,0,0,0,0,0.25,0.25,0,0.25
526,0.25,0,0,0,0,0,0.25,0.25,0.25,0
527,0.25,0,0,0,0,0,0.25,0.25,0.25,0.25
528,0.25,0,0,0,0,0.25,0,0,0,0
529,0.25,0,0,0,0,0.25,0,0,0,0.25
530,0.25,0,0,0,0,0.25,0,0,0.25,0
531,0.25,0,0,0,0,0.25,0,0,0.25,0.25
532,0.25,0,0,0,0,0.25,0,0.25,0,0
533,0.25,0,0,0,0,0.25,0,0.25,0,0.25
534,0.25,0,0,0,0,0.25,0,0.25,0.25,0
535,0.25,0,0,0,0,0.25,0,0.25,0.25,0.25
536,0.25,0,0,0,0,0.25,0.25,0,0,0
537,0.25,0,0,0,0,0.25,0.25,0,0,0.25
538,0.25,0,0,0,0,0.25,0.25,0,0.25,0
539,0.25,0,0,0,0,0.25,0.25,0,0.25,0.25
540,0.25,0,0,0,0,0.25,0.25,0.25,0,0
541,0.25,0,0,0,0,0.25,0.25,0.25,0,0.25
542,0.25,0,0,0,0,0.25,0.25,0.25,0.25,0
543,0.25,0,0,0,0,0.25,0.25,0.25,0.25,0.25
544,0.25,0,0,0,0.25,0,0,0,0,0
545,0.25,0,0,0,0.25,0,0,0,0,0.25
546,0.25,0,0,0,0.25,0,0,0,0.25,0
547,0.25,0,0,0,0.25,0,0,0,0.25,0.25
548,0.25,0,0,0,0.25,0,0,0.25,0,0
549,0.25,0,0,0,0.25,0,0,0.25,0,0.25
550,0.25,0,0,0,0.25,0,0,0.25,0.25,0
551,0.25,0,0,0,0.25,0,0,0.25,0.25,0.25
552,0.25,0,0,0,0.25,0,0.25,0,0,0
553,0.25,0,0,0,0.25,0,0.25,0,0,0.25
554,0.25,0,0,0,0.25,0,0.25,0,0.25,0
555,0.25,0,0,0,0.25,0,0.25,0,0.25,0.25
556,0.25,0,0,0,0.25,0,0.25,0.25,0,0
557,0.25,0,0,0,0.25,0,0.25,0.25,0,0.25
558,0.25,0,0,0,0.25,0,0.25,0.25,0.25,0
559,0.25,0,0,0,0.25,0,0.25,0.25,0.25,0.25
560,0.25,0,0,0,0.25,0.25,0,0,0,0
561,0.25,0,0,0,0.25,0.25,0,0,0,0.25
562,0.25,0,0,0,0.25,0.25,0,0,0.25,0
563,0.25,0,0,0,0.25,0.25,0,0,0.25,0.25
564,0.25,0,0,0,0.25,0.25,0,0.25,0,0
565,0.25,0,0,0,0.25,0.25,0,0.25,0,0.25
566,0.25,0,0,0,0.25,0.25,0,0.25,0.25,0
567,0.25,0,0,0,0.25,0.25,0,0.25,0.25,0.25
568,0.25,0,0,0,0.25,0.25,0.25,0,0,0
569,0.25,0,0,0,0.25,0.25,0.25,0,0,0.25
570,0.25,0,0,0,0.25,0.25,0.25,0,0.25,0
571,0.25,0,0,0,0.25,0.25,0.25,0,0.25,0.25
572,0.25,0,0,0,0.25,0.25,0.25,0.25,0,0
573,0.25,0,0,0,0.25,0.25,0.25,0.25,0,0.25
574,0.25,0,0,0,0.25,0.25,0.25,0.25,0.25,0
575,0.25,0,0,0,0.25,0.25,0.25,0.25,0.25,0.25
576,0.25,0,0,0.25,0,0,0,0,0,0
577,0.25,0,0,0.25,0,0,0,0,0,0.25
578,0.25,0,0,0.25,0,0,0,0,0.25,0
579,0.25,0,0,0.25,0,0,0,0,0.25,0.25
580,0.25,0,0,0.25,0,0,0,0.25,0,0
581,0.25,0,0,0.25,0,0,0,0.25,0,0.25
582,0.25,0,0,0.25,0,0,0,0.25,0.25,0
583,0.25,0,0,0.25,0,0,0,0.25,0.25,0.25
584,0.25,0,0,0.25,0,0,0.25,0,0,0
585,0.25,0,0,0.25,0,0,0.25,0,0,0.25
586,0.25,0,0,0.25,0,0,0.25,0,0.25,0
587,0.25,0,0,0.25,0,0,0.25,0,0.25,0.25
588,0.25,0,0,0.25,0,0,0.25,0.25,0,0
589,0.25,0,0,0.25,0,0,0.25,0.25,0,0.25
590,0.25,0,0,0.25,0,0,0.25,0.25,0.25,0
591,0.25,0,0,0.25,0,0,0.25,0.25,0.25,0.25
592,0.25,0,0,0.25,0,0.25,0,0,0,0
593,0.25,0,0,0.25,0,0.25,0,0,0,0.25
594,0.25,0,0,0.25,0,0.25,0,0,0.25,0
595,0.25,0,0,0.25,0,0.25,0,0,0.25,0.25
596,0.25,0,0,0.25,0,0.25,0,0.25,0,0
597,0.25,0,0,0.25,0,0.25,0,0.25,0,0.25
598,0.25,0,0,0.25,0,0.25,0,0.25,0.25,0
599,0.25,0,0,0.25,0,0.25,0,0.25,0.25,0.25
600,0.25,0,0,0.25,0,0.25,0.25,0,0,0
601,0.25,0,0,0.25,0,0.25,0.25,0,0,0.25
602,0.25,0,0,0.25,0,0.25,0.25,0,0.25,0
603,0.25,0,0,0.25,0,0.25,0.25,0,0.25,0.25
604,0.25,0,0,0.25,0,0.25,0.25,0.25,0,0
605,0.25,0,0,0.25,0,0.25,0.25,0.25,0,0.25
606,0.25,0,0,0.25,0,0.25,0.25,0.25,0.25,0
607,0.25,0,0,0.25,0,0.25,0.25,0.25,0.25,0.25
608,0.25,0,0,0.25,0.25,0,0,0,0,0
609,0.25,0,0,0.25,0.25,0,0,0,0,0.25
610,0.25,0,0,0.25,0.25,0,0,0,0.25,0
611,0.25,0,0,0.25,0.25,0,0,0,0.25,0.25
612,0.25,0,0,0.25,0.25,0,0,0.25,0,0
613,0.25,0,0,0.25,0.25,0,0,0.25,0,0.25
614,0.25,0,0,0.25,0.25,0,0,0.25,0.25,0
615,0.25,0,0,0.25,0.25,0,0,0.25,0.25,0.25
616,0.25,0,0,0.25,0.25,0,0.25,0,0,0
617,0.25,0,0,0.25,0.25,0,0.25,0,0,0.25
618,0.25,0,0,0.25,0.25,0,0.25,0,0.25,0
619,0.25,0,0,0.25,0.25,0,0.25,0,0.25,0.25
620,0.25,0,0,0.25,0.25,0,0.25,0.25,0,0
621,0.25,0,0,0.25,0.25,0,0.25,0.25,0,0.25
622,0.25,0,0,0.25,0.25,0,0.25,0.25,0.25,0
623,0.25,0,0,0.25,0.25,0,0.25,0.25,0.25,0.25
624,0.25,0,0,0.25,0.25,0.25,0,0,0,0
625,0.25,0,0,0.25,0.25,0.25,0,0,0,0.25
626,0.25,0,0,0.25,0.25,0.25,0,0,0.25,0
627,0.25,0,0,0.25,0.25,0.25,0,0,0.25,0.25
628,0.25,0,0,0.25,0.25,0.25,0,0.25,0,0
629,0.25,0,0,0.25,0.25,0.25,0,0.25,0,0.25
630,0.25,0,0,0.25,0.25,0.25,0,0.25,0.25,0
631,0.25,0,0,0.25,0.25,0.25,0,0.25,0.25,0.25
632,0.25,0,0,0.25,0.25,0.25,0.25,0,0,0
633,0.25,0,0,0.25,0.25,0.25,0.25,0,0,0.25
634,0.25,0,0,0.25,0.25,0.25,0.25,0,0.25,0
635,0.25,0,0,0.25,0.25,0.25,0.25,0,0.25,0.25
636,0.25,0,0,0.25,0.25,0.25,0.25,0.25,0,0
637,0.25,0,0,0.25,0.25,0.25,0.25,0.25,0,0.25
638,0.25,0,0,0.25,0.25,0.25,0.25,0.25,0.25,0
639,0.25,0,0,0.25,0.25,0.25,0.25,0.25,0.25,0.25
640,0.25,0,0.25,0,0,0,0,0,0,0
641,0.25,0,0.25,0,0,0,0,0,0,0.25
642,0.25,0,0.25,0,0,0,0,0,0.25,0
643,0.25,0,0.25,0,0,0,0,0,0.25,0.25
644,0.25,0,0.25,0,0,0,0,0.25,0,0
645,0.25,0,0.25,0,0,0,0,0.25,0,0.25
646,0.25,0,0.25,0,0,0,0,0.25,0.25,0
647,0.25,0,0.25,0,0,0,0,0.25,0.25,0.25
648,0.25,0,0.25,0,0,0,0.25,0,0,0
649,0.25,0,0.25,0,0,0,0.25,0,0,0.25
650,0.25,0,0.25,0,0,0,0.25,0,0.25,0
651,0.25,0,0.25,0,0,0,0.25,0,0.25,0.25
652,0.25,0,0.25,0,0,0,0.25,0.25,0,0
653,0.25,0,0.25,0,0,0,0.25,0.25,0,0.25
654,0.25,0,0.25,0,0,0,0.25,0.25,0.25,0
655,0.25,0,0.25,0,0,0,0.25,0.25,0.25,0.25
656,0.25,0,0.25,0,0,0.25,0,0,0,0
657,0.25,0,0.25,0,0,0.25,0,0,0,0.25
658,0.25,0,0.25,0,0,0.25,0,0,0.25,0
659,0.25,0,0.25,0,0,0.25,0,0,0.25,0.25
660,0.25,0,0.25,0,0,0.25,0,0.25,0,0
661,0.25,0,0.25,0,0,0.25,0,0.25,0,0.25
662,0.25,0,0.25,0,0,0.25,0,0.25,0.25,0
663,0.25,0,0.25,0,0,0.25,0,0.25,0.25,0.25
664,0.25,0,0.25,0,0,0.25,0.25,0,0,0
665,0.25,0,0.25,0,0,0.25,0.25,0,0,0.25
666,0.25,0,0.25,0,0,0.25,0.25,0,0.25,0
667,0.25,0,0.25,0,0,0.25,0.25,0,0.25,0.25
668,0.25,0,0.25,0,0,0.25,0.25,0.25,0,0
669,0.25,0,0.25,0,0,0.25,0.25,0.25,0,0.25
670,0.25,0,0.25,0,0,0.25,0.25,0.25,0.25,0
671,0.25,0,0.25,0,0,0.25,0.25,0.25,0.25,0.25
672,0.25,0,0.25,0,0.25,0,0,0,0,0
673,0.25,0,0.25,0,0.25,0,0,0,0,0.25
674,0.25,0,0.25,0,0.25,0,0,0,0.25,0
675,0.25,0,0.25,0,0.25,0,0,0,0.25,0.25
676,0.25,0,0.25,0,0.25,0,0,0.25,0,0
677,0.25,0,0.25,0,0.25,0,0,0.25,0,0.25
678,0.25,0,0.25,0,0.25,0,0,0.25,0.25,0
679,0.25,0,0.25,0,0.25,0,0,0.25,0.25,0.25
680,0.25,0,0.25,0,0.25,0,0.25,0,0,0
681,0.25,0,0.25,0,0.25,0,0.25,0,0,0.25
682,0.25,0,0.25,0,0.25,0,0.25,0,0.25,0
683,0.25,0,0.25,0,0.25,0,0.25,0,0.25,0.25
684,0.25,0,0.25,0,0.25,0,0.25,0.25,0,0
685,0.25,0,0.25,0,0.25,0,0.25,0.25,0,0.25
686,0.25,0,0.25,0,0.25,0,0.25,0.25,0.25,0
687,0.25,0,0.25,0,0.25,0,0.25,0.25,0.25,0.25
688,0.25,0,0.25,0,0.25,0.25,0,0,0,0
689,0.25,0,0.25,0,0.25,0.25,0,0,0,0.25
690,0.25,0,0.25,0,0.25,0.25,0,0,0.25,0
691,0.25,0,0.25,0,0.25,0.25,0,0,0.25,0.25
692,0.25,0,0.25,0,0.25,0.25,0,0.25,0,0
693,0.25,0,0.25,0,0.25,0.25,0,0.25,0,0.25
694,0.25,0,0.25,0,0.25,0.25,0,0.25,0.25,0
695,0.25,0,0.25,0,0.25,0.25,0,0.25,0.25,0.25
696,0.25,0,0.25,0,0.25,0.25,0.25,0,0,0
697,0.25,0,0.25,0,0.25,0.25,0.25,0,0,0.25
698,0.25,0,0.25,0,0.25,0.25,0.25,0,0.25,0
699,0.25,0,0.25,0,0.25,0.25,0.25,0,0.25,0.25
700,0.25,0,0.25,0,0.25,0.25,0.25,0.25,0,0
701,0.25,0,0.25,0,0.25,0.25,0.25,0.25,0,0.25
702,0.25,0,0.25,0,0.25,0.25,0.25,0.25,0.25,0
703,0.25,0,0.25,0,0.25,0.25,0.25,0.25,0.25,0.25
704,0.25,0,0.25,0.25,0,0,0,0,0,0
705,0.25,0,0.25,0.25,0,0,0,0,0,0.25
706,0.25,0,0.25,0.25,0,0,0,0,0.25,0
707,0.25,0,0.25,0.25,0,0,0,0,0.25,0.25
708,0.25,0,0.25,0.25,0,0,0,0.25,0,0
709,0.25,0,0.25,0.25,0,0,0,0.25,0,0.25
710,0.25,0,0.25,0.25,0,0,0,0.25,0.25,0
711,0.25,0,0.25,0.25,0,0,0,0.25,0.25,0.25
712,0.25,0,0.25,0.25,0,0,0.25,0,0,0
713,0.25,0,0.25,0.25,0,0,0.25,0,0,0.25
714,0.25,0,0.25,0.25,0,0,0.25,0,0.25,0
715,0.25,0,0.25,0.25,0,0,0.25,0,0.25,0.25
716,0.25,0,0.25,0.25,0,0,0.25,0.25,0,0
717,0.25,0,0.25,0.25,0,0,0.25,0.25,0,0.25
718,0.25,0,0.25,0.25,0,0,0.25,0.25,0.25,0
719,0.25,0,0.25,0.25,0,0,0.25,0.25,0.25,0.25
720,0.25,0,0.25,0.25,0,0.25,0,0,0,0
721,0.25,0,0.25,0.25,0,0.25,0,0,0,0.25
722,0.25,0,0.25,0.25,0,0.25,0,0,0.25,0
723,0.25,0,0.25,0.25,0,0.25,0,0,0.25,0.25
724,0.25,0,0.25,0.25,0,0.25,0,0.25,0,0
725,0.25,0,0.25,0.25,0,0.25,0,0.25,0,0.25
726,0.25,0,0.25,0.25,0,0.25,0,0.25,0.25,0
727,0.25,0,0.25,0.25,0,0.25,0,0.25,0.25,0.25
728,0.25,0,0.25,0.25,0,0.25,0.25,0,0,0
729,0.25,0,0.25,0.25,0,0.25,0.25,0,0,0.25
730,0.25,0,0.25,0.25,0,0.25,0.25,0,0.25,0
731,0.25,0,0.25,0.25,0,0.25,0.25,0,0.25,0.25
732,0.25,0,0.25,0.25,0,0.25,0.25,0.25,0,0
733,0.25,0,0.25,0.25,0,0.25,0.25,0.25,0,0.25
734,0.25,0,0.25,0.25,0,0.25,0.25,0.25,0.25,0
735,0.25,0,0.25,0.25,0,0.25,0.25,0.25,0.25,0.25
736,0.25,0,0.25,0.25,0.25,0,0,0,0,0
737,0.25,0,0.25,0.25,0.25,0,0,0,0,0.25
738,0.25,0,0.25,0.25,0.25,0,0,0,0.25,0
739,0.25,0,0.25,0.25,0.25,0,0,0,0.25,0.25
740,0.25,0,0.25,0.25,0.25,0,0,0.25,0,0
741,0.25,0,0.25,0.25,0.25,0,0,0.25,0,0.25
742,0.25,0,0.25,0.25,0.25,0,0,0.25,0.25,0
743,0.25,0,0.25,0.25,0.25,0,0,0.25,0.25,0.25
744,0.25,0,0.25,0.25,0.25,0,0.25,0,0,0
745,0.25,0,0.25,0.25,0.25,0,0.25,0,0,0.25
746,0.25,0,0.25,0.25,0.25,0,0.25,0,0.25,0
747,0.25,0,0.25,0.25,0.25,0,0.25,0,0.25,0.25
748,0.25,0,0.25,0.25,0.25,0,0.25,0.25,0,0
749,0.25,0,0.25,0.25,0.25,0,0.25,0.25,0,0.25
750,0.25,0,0.25,0.25,0.25,0,0.25,0.25,0.25,0
751,0.25,0,0.25,0.25,0.25,0,0.25,0.25,0.25,0.25
752,0.25,0,0.25,0.25,0.25,0.25,0,0,0,0
753,0.25,0,0.25,0.25,0.25,0.25,0,0,0,0.25
754,0.25,0,0.25,0.25,0.25,0.25,0,0,0.25,0
756,0.25,0,0.25,0.25,0.25,0.25,0,0.25,0,0
757,0.25,0,0.25,0.25,0.25,0.25,0,0.25,0,0.25
758,0.25,0,0.25,0.25,0.25,0.25,0,0.25,0.25,0
759,0.25,0,0.25,0.25,0.25,0.25,0,0.25,0.25,0.25
760,0.25,0,0.25,0.25,0.25,0.25,0.25,0,0,0
761,0.25,0,0.25,0.25,0.25,0.25,0.25,0,0,0.25
762,0.25,0,0.25,0.25,0.25,0.25,0.25,0,0.25,0
763,0.25,0,0.25,0.25,0.25,0.25,0.25,0,0.25,0.25
764,0.25,0,0.25,0.25,0.25,0.25,0.25,0.25,0,0
765,0.25,0,0.25,0.25,0.25,0.25,0.25,0.25,0,0.25
766,0.25,0,0.25,0.25,0.25,0.25,0.25,0.25,0.25,0
767,0.25,0,0.25,0.25,0.25,0.25,0.25,0.25,0.25,0.25
768,0.25,0.25,0,0,0,0,0,0,0,0
769,0.25,0.25,0,0,0,0,0,0,0,0.25
770,0.25,0.25,0,0,0,0,0,0,0.25,0
771,0.25,0.25,0,0,0,0,0,0,0.25,0.25
772,0.25,0.25,0,0,0,0,0,0.25,0,0
773,0.25,0.25,0,0,0,0,0,0.25,0,0.25
774,0.25,0.25,0,0,0,0,0,0.25,0.25,0
775,0.25,0.25,0,0,0,0,0,0.25,0.25,0.25
776,0.25,0.25,0,0,0,0,0.25,0,0,0
777,0.25,0.25,0,0,0,0,0.25,0,0,0.25
778,0.25,0.25,0,0,0,0,0.25,0,0.25,0
779,0.25,0.25,0,0,0,0,0.25,0,0.25,0.25
780,0.25,0.25,0,0,0,0,0.25,0.25,0,0
781,0.25,0.25,0,0,0,0,0.25,0.25,0,0.25
782,0.25,0.25,0,0,0,0,0.25,0.25,0.25,0
783,0.25,0.25,0,0,0,0,0.25,0.25,0.25,0.25
784,0.25,0.25,0,0,0,0.25,0,0,0,0
785,0.25,0.25,0,0,0,0.25,0,0,0,0.25
786,0.25,0.25,0,0,0,0.25,0,0,0.25,0
787,0.25,0.25,0,0,0,0.25,0,0,0.25,0.25
788,0.25,0.25,0,0,0,0.25,0,0.25,0,0
789,0.25,0.25,0,0,0,0.25,0,0.25,0,0.25
790,0.25,0.25,0,0,0,0.25,0,0.25,0.25,0
791,0.25,0.25,0,0,0,0.25,0,0.25,0.25,0.25
792,0.25,0.25,0,0,0,0.25,0.25,0,0,0
793,0.25,0.25,0,0,0,0.25,0.25,0,0,0.25
794,0.25,0.25,0,0,0,0.25,0.25,0,0.25,0
795,0.25,0.25,0,0,0,0.25,0.25,0,0.25,0.25
796,0.25,0.25,0,0,0,0.25,0.25,0.25,0,0
797,0.25,0.25,0,0,0,0.25,0.25,0.25,0,0.25
798,0.25,0.25,0,0,0,0.25,0.25,0.25,0.25,0
799,0.25,0.25,0,0,0,0.25,0.25,0.25,0.25,0.25
800,0.25,0.25,0,0,0.25,0,0,0,0,0
801,0.25,0.25,0,0,0.25,0,0,0,0,0.25
802,0.25,0.25,0,0,0.25,0,0,0,0.25,0
803,0.25,0.25,0,0,0.25,0,0,0,0.25,0.25
804,0.25,0.25,0,0,0.25,0,0,0.25,0,0
805,0.25,0.25,0,0,0.25,0,0,0.25,0,0.25
806,0.25,0.25,0,0,0.25,0,0,0.25,0.25,0
807,0.25,0.25,0,0,0.25,0,0,0.25,0.25,0.25
808,0.25,0.25,0,0,0.25,0,0.25,0,0,0
809,0.25,0.25,0,0,0.25,0,0.25,0,0,0.25
810,0.25,0.25,0,0,0.25,0,0.25,0,0.25,0
811,0.25,0.25,0,0,0.25,0,0.25,0,0.25,0.25
812,0.25,0.25,0,0,0.25,0,0.25,0.25,0,0
813,0.25,0.25,0,0,0.25,0,0.25,0.25,0,0.25
814,0.25,0.25,0,0,0.25,0,0.25,0.25,0.25,0
815,0.25,0.25,0,0,0.25,0,0.25,0.25,0.25,0.25
816,0.25,0.25,0,0,0.25,0.25,0,0,0,0
817,0.25,0.25,0,0,0.25,0.25,0,0,0,0.25
818,0.25,0.25,0,0,0.25,0.25,0,0,0.25,0
819,0.25,0.25,0,0,0.25,0.25,0,0,0.25,0.25
820,0.25,0.25,0,0,0.25,0.25,0,0.25,0,0
821,0.25,0.25,0,0,0.25,0.25,0,0.25,0,0.25
822,0.25,0.25,0,0,0.25,0.25,0,0.25,0.25,0
823,0.25,0.25,0,0,0.25,0.25,0,0.25,0.25,0.25
824,0.25,0.25,0,0,0.25,0.25,0.25,0,0,0
825,0.25,0.25,0,0,0.25,0.25,0.25,0,0,0.25
826,0.25,0.25,0,0,0.25,0.25,0.25,0,0.25,0
827,0.25,0.25,0,0,0.25,0.25,0.25,0,0.25,0.25
828,0.25,0.25,0,0,0.25,0.25,0.25,0.25,0,0
829,0.25,0.25,0,0,0.25,0.25,0.25,0.25,0,0.25
830,0.25,0.25,0,0,0.25,0.25,0.25,0.25,0.25,0
831,0.25,0.25,0,0,0.25,0.25,0.25,0.25,0.25,0.25
832,0.25,0.25,0,0.25,0,0,0,0,0,0
833,0.25,0.25,0,0.25,0,0,0,0,0,0.25
834,0.25,0.25,0,0.25,0,0,0,0,0.25,0
835,0.25,0.25,0,0.25,0,0,0,0,0.25,0.25
836,0.25,0.25,0,0.25,0,0,0,0.25,0,0
837,0.25,0.25,0,0.25,0,0,0,0.25,0,0.25
838,0.25,0.25,0,0.25,0,0,0,0.25,0.25,0
839,0.25,0.25,0,0.25,0,0,0,0.25,0.25,0.25
840,0.25,0.25,0,0.25,0,0,0.25,0,0,0
841,0.25,0.25,0,0.25,0,0,0.25,0,0,0.25
842,0.25,0.25,0,0.25,0,0,0.25,0,0.25,0
843,0.25,0.25,0,0.25,0,0,0.25,0,0.25,0.25
844,0.25,0.25,0,0.25,0,0,0.25,0.25,0,0
845,0.25,0.25,0,0.25,0,0,0.25,0.25,0,0.25
846,0.25,0.25,0,0.25,0,0,0.25,0.25,0.25,0
847,0.25,0.25,0,0.25,0,0,0.25,0.25,0.25,0.25
848,0.25,0.25,0,0.25,0,0.25,0,0,0,0
849,0.25,0.25,0,0.25,0,0.25,0,0,0,0.25
850,0.25,0.25,0,0.25,0,0.25,0,0,0.25,0
851,0.25,0.25,0,0.25,0,0.25,0,0,0.25,0.25
852,0.25,0.25,0,0.25,0,0.25,0,0.25,0,0
853,0.25,0.25,0,0.25,0,0.25,0,0.25,0,0.25
854,0.25,0.25,0,0.25,0,0.25,0,0.25,0.25,0
855,0.25,0.25,0,0.25,0,0.25,0,0.25,0.25,0.25
856,0.25,0.25,0,0.25,0,0.25,0.25,0,0,0
857,0.25,0.25,0,0.25,0,0.25,0.25,0,0,0.25
858,0.25,0.25,0,0.25,0,0.25,0.25,0,0.25,0
859,0.25,0.25,0,0.25,0,0.25,0.25,0,0.25,0.25
860,0.25,0.25,0,0.25,0,0.25,0.25,0.25,0,0
861,0.25,0.25,0,0.25,0,0.25,0.25,0.25,0,0.25
862,0.25,0.25,0,0.25,0,0.25,0.25,0.25,0.25,0
863,0.25,0.25,0,0.25,0,0.25,0.25,0.25,0.25,0.25
864,0.25,0.25,0,0.25,0.25,0,0,0,0,0
865,0.25,0.25,0,0.25,0.25,0,0,0,0,0.25
866,0.25,0.25,0,0.25,0.25,0,0,0,0.25,0
867,0.25,0.25,0,0.25,0.25,0,0,0,0.25,0.25
868,0.25,0.25,0,0.25,0.25,0,0,0.25,0,0
869,0.25,0.25,0,0.25,0.25,0,0,0.25,0,0.25
870,0.25,0.25,0,0.25,0.25,0,0,0.25,0.25,0
871,0.25,0.25,0,0.25,0.25,0,0,0.25,0.25,0.25
872,0.25,0.25,0,0.25,0.25,0,0.25,0,0,0
873,0.25,0.25,0,0.25,0.25,0,0.25,0,0,0.25
874,0.25,0.25,0,0.25,0.25,0,0.25,0,0.25,0
875,0.25,0.25,0,0.25,0.25,0,0.25,0,0.25,0.25
876,0.25,0.25,0,0.25,0.25,0,0.25,0.25,0,0
877,0.25,0.25,0,0.25,0.25,0,0.25,0.25,0,0.25
878,0.25,0.25,0,0.25,0.25,0,0.25,0.25,0.25,0
879,0.25,0.25,0,0.25,0.25,0,0.25,0.25,0.25,0.25
880,0.25,0.25,0,0.25,0.25,0.25,0,0,0,0
881,0.25,0.25,0,0.25,0.25,0.25,0,0,0,0.25
882,0.25,0.25,0,0.25,0.25,0.25,0,0,0.25,0
883,0.25,0.25,0,0.25,0.25,0.25,0,0,0.25,0.25
884,0.25,0.25,0,0.25,0.25,0.25,0,0.25,0,0
885,0.25,0.25,0,0.25,0.25,0.25,0,0.25,0,0.25
886,0.25,0.25,0,0.25,0.25,0.25,0,0.25,0.25,0
887,0.25,0.25,0,0.25,0.25,0.25,0,0.25,0.25,0.25
888,0.25,0.25,0,0.25,0.25,0.25,0.25,0,0,0
889,0.25,0.25,0,0.25,0.25,0.25,0.25,0,0,0.25
890,0.25,0.25,0,0.25,0.25,0.25,0.25,0,0.25,0
891,0.25,0.25,0,0.25,0.25,0.25,0.25,0,0.25,0.25
892,0.25,0.25,0,0.25,0.25,0.25,0.25,0.25,0,0
893,0.25,0.25,0,0.25,0.25,0.25,0.25,0.25,0,0.25
894,0.25,0.25,0,0.25,0.25,0.25,0.25,0.25,0.25,0
895,0.25,0.25,0,0.25,0.25,0.25,0.25,0.25,0.25,0.25
896,0.25,0.25,0.25,0,0,0,0,0,0,0
897,0.25,0.25,0.25,0,0,0,0,0,0,0.25
898,0.25,0.25,0.25,0,0,0,0,0,0.25,0
899,0.25,0.25,0.25,0,0,0,0,0,0.25,0.25
900,0.25,0.25,0.25,0,0,0,0,0.25,0,0
901,0.25,0.25,0.25,0,0,0,0,0.25,0,0.25
902,0.25,0.25,0.25,0,0,0,0,0.25,0.25,0
903,0.25,0.25,0.25,0,0,0,0,0.25,0.25,0.25
904,0.25,0.25,0.25,0,0,0,0.25,0,0,0
905,0.25,0.25,0.25,0,0,0,0.25,0,0,0.25
906,0.25,0.25,0.25,0,0,0,0.25,0,0.25,0
907,0.25,0.25,0.25,0,0,0,0.25,0,0.25,0.25
908,0.25,0.25,0.25,0,0,0,0.25,0.25,0,0
909,0.25,0.25,0.25,0,0,0,0.25,0.25,0,0.25
910,0.25,0.25,0.25,0,0,0,0.25,0.25,0.25,0
911,0.25,0.25,0.25,0,0,0,0.25,0.25,0.25,0.25
912,0.25,0.25,0.25,0,0,0.25,0,0,0,0
913,0.25,0.25,0.25,0,0,0.25,0,0,0,0.25
914,0.25,0.25,0.25,0,0,0.25,0,0,0.25,0
915,0.25,0.25,0.25,0,0,0.25,0,0,0.25,0.25
916,0.25,0.25,0.25,0,0,0.25,0,0.25,0,0
917,0.25,0.25,0.25,0,0,0.25,0,0.25,0,0.25
918,0.25,0.25,0.25,0,0,0.25,0,0.25,0.25,0
919,0.25,0.25,0.25,0,0,0.25,0,0.25,0.25,0.25
920,0.25,0.25,0.25,0,0,0.25,0.25,0,0,0
921,0.25,0.25,0.25,0,0,0.25,0.25,0,0,0.25
922,0.25,0.25,0.25,0,0,0.25,0.25,0,0.25,0
923,0.25,0.25,0.25,0,0,0.25,0.25,0,0.25,0.25
924,0.25,0.25,0.25,0,0,0.25,0.25,0.25,0,0
925,0.25,0.25,0.25,0,0,0.25,0.25,0.25,0,0.25
926,0.25,0.25,0.25,0,0,0.25,0.25,0.25,0.25,0
927,0.25,0.25,0.25,0,0,0.25,0.25,0.25,0.25,0.25
928,0.25,0.25,0.25,0,0.25,0,0,0,0,0
929,0.25,0.25,0.25,0,0.25,0,0,0,0,0.25
930,0.25,0.25,0.25,0,0.25,0,0,0,0.25,0
931,0.25,0.25,0.25,0,0.25,0,0,0,0.25,0.25
932,0.25,0.25,0.25,0,0.25,0,0,0.25,0,0
933,0.25,0.25,0.25,0,0.25,0,0,0.25,0,0.25
934,0.25,0.25,0.25,0,0.25,0,0,0.25,0.25,0
935,0.25,0.25,0.25,0,0.25,0,0,0.25,0.25,0.25
936,0.25,0.25,0.25,0,0.25,0,0.25,0,0,0
937,0.25,0.25,0.25,0,0.25,0,0.25,0,0,0.25
938,0.25,0.25,0.25,0,0.25,0,0.25,0,0.25,0
939,0.25,0.25,0.25,0,0.25,0,0.25,0,0.25,0.25
940,0.25,0.25,0.25,0,0.25,0,0.25,0.25,0,0
941,0.25,0.25,0.25,0,0.25,0,0.25,0.25,0,0.25
942,0.25,0.25,0.25,0,0.25,0,0.25,0.25,0.25,0
943,0.25,0.25,0.25,0,0.25,0,0.25,0.25,0.25,0.25
944,0.25,0.25,0.25,0,0.25,0.25,0,0,0,0
945,0.25,0.25,0.25,0,0.25,0.25,0,0,0,0.25
946,0.25,0.25,0.25,0,0.25,0.25,0,0,0.25,0
947,0.25,0.25,0.25,0,0.25,0.25,0,0,0.25,0.25
949,0.25,0.25,0.25,0,0.25,0.25,0,0.25,0,0.25
950,0.25,0.25,0.25,0,0.25,0.25,0,0.25,0.25,0
951,0.25,0.25,0.25,0,0.25,0.25,0,0.25,0.25,0.25
952,0.25,0.25,0.25,0,0.25,0.25,0.25,0,0,0
953,0.25,0.25,0.25,0,0.25,0.25,0.25,0,0,0.25
954,0.25,0.25,0.25,0,0.25,0.25,0.25,0,0.25,0
955,0.25,0.25,0.25,0,0.25,0.25,0.25,0,0.25,0.25
956,0.25,0.25,0.25,0,0.25,0.25,0.25,0.25,0,0
957,0.25,0.25,0.25,0,0.25,0.25,0.25,0.25,0,0.25
958,0.25,0.25,0.25,0,0.25,0.25,0.25,0.25,0.25,0
959,0.25,0.25,0.25,0,0.25,0.25,0.25,0.25,0.25,0.25
960,0.25,0.25,0.25,0.25,0,0,0,0,0,0
961,0.25,0.25,0.25,0.25,0,0,0,0,0,0.25
962,0.25,0.25,0.25,0.25,0,0,0,0,0.25,0
963,0.25,0.25,0.25,0.25,0,0,0,0,0.25,0.25
964,0.25,0.25,0.25,0.25,0,0,0,0.25,0,0
965,0.25,0.25,0.25,0.25,0,0,0,0.25,0,0.25
966,0.25,0.25,0.25,0.25,0,0,0,0.25,0.25,0
967,0.25,0.25,0.25,0.25,0,0,0,0.25,0.25,0.25
968,0.25,0.25,0.25,0.25,0,0,0.25,0,0,0
969,0.25,0.25,0.25,0.25,0,0,0.25,0,0,0.25
970,0.25,0.25,0.25,0.25,0,0,0.25,0,0.25,0
971,0.25,0.25,0.25,0.25,0,0,0.25,0,0.25,0.25
972,0.25,0.25,0.25,0.25,0,0,0.25,0.25,0,0
973,0.25,0.25,0.25,0.25,0,0,0.25,0.25,0,0.25
974,0.25,0.25,0.25,0.25,0,0,0.25,0.25,0.25,0
975,0.25,0.25,0.25,0.25,0,0,0.25,0.25,0.25,0.25
976,0.25,0.25,0.25,0.25,0,0.25,0,0,0,0
977,0.25,0.25,0.25,0.25,0,0.25,0,0,0,0.25
978,0.25,0.25,0.25,0.25,0,0.25,0,0,0.25,0
979,0.25,0.25,0.25,0.25,0,0.25,0,0,0.25,0.25
980,0.25,0.25,0.25,0.25,0,0.25,0,0.25,0,0
981,0.25,0.25,0.25,0.25,0,0.25,0,0.25,0,0.25
982,0.25,0.25,0.25,0.25,0,0.25,0,0.25,0.25,0
983,0.25,0.25,0.25,0.25,0,0.25,0,0.25,0.25,0.25
984,0.25,0.25,0.25,0.25,0,0.25,0.25,0,0,0
985,0.25,0.25,0.25,0.25,0,0.25,0.25,0,0,0.25
986,0.25,0.25,0.25,0.25,0,0.25,0.25,0,0.25,0
987,0.25,0.25,0.25,0.25,0,0.25,0.25,0,0.25,0.25
988,0.25,0.25,0.25,0.25,0,0.25,0.25,0.25,0,0
989,0.25,0.25,0.25,0.25,0,0.25,0.25,0.25,0,0.25
990,0.25,0.25,0.25,0.25,0,0.25,0.25,0.25,0.25,0
991,0.25,0.25,0.25,0.25,0,0.25,0.25,0.25,0.25,0.25
992,0.25,0.25,0.25,0.25,0.25,0,0,0,0,0
993,0.25,0.25,0.25,0.25,0.25,0,0,0,0,0.25
994,0.25,0.25,0.25,0.25,0.25,0,0,0,0.25,0
995,0.25,0.25,0.25,0.25,0.25,0,0,0,0.25,0.25
996,0.25,0.25,0.25,0.25,0.25,0,0,0.25,0,0
997,0.25,0.25,0.25,0.25,0.25,0,0,0.25,0,0.25
998,0.25,0.25,0.25,0.25,0.25,0,0,0.25,0.25,0
999,0.25,0.25,0.25,0.25,0.25,0,0,0.25,0.25,0.25
1000,0.25,0.25,0.25,0.25,0.25,0,0.25,0,0,0
1001,0.25,0.25,0.25,0.25,0.25,0,0.25,0,0,0.25
1002,0.25,0.25,0.25,0.25,0.25,0,0.25,0,0.25,0
1003,0.25,0.25,0.25,0.25,0.25,0,0.25,0,0.25,0.25
1004,0.25,0.25,0.25,0.25,0.25,0,0.25,0.25,0,0
1005,0.25,0.25,0.25,0.25,0.25,0,0.25,0.25,0,0.25
1006,0.25,0.25,0.25,0.25,0.25,0,0.25,0.25,0.25,0
1007,0.25,0.25,0.25,0.25,0.25,0,0.25,0.25,0.25,0.25
1008,0.25,0.25,0.25,0.25,0.25,0.25,0,0,0,0
1009,0.25,0.25,0.25,0.25,0.25,0.25,0,0,0,0.25
1010,0.25,0.25,0.25,0.25,0.25,0.25,0,0,0.25,0
1011,0.25,0.25,0.25,0.25,0.25,0.25,0,0,0.25,0.25
1012,0.25,0.25,0.25,0.25,0.25,0.25,0,0.25,0,0
1013,0.25,0.25,0.25,0.25,0.25,0.25,0,0.25,0,0.25
1014,0.25,0.25,0.25,0.25,0.25,0.25,0,0.25,0.25,0
1015,0.25,0.25,0.25,0.25,0.25,0.25,0,0.25,0.25,0.25
1016,0.25,0.25,0.25,0.25,0.25,0.25,0.25,0,0,0
1017,0.25,0.25,0.25,0.25,0.25,0.25,0.25,0,0,0.25
1018,0.25,0.25,0.25,0.25,0.25,0.25,0.25,0,0.25,0
1019,0.25,0.25,0.25,0.25,0.25,0.25,0.25,0,0.25,0.25
1020,0.25,0.25,0.25,0.25,0.25,0.25,0.25,0.25,0,0
1021,0.25,0.25,0.25,0.25,0.25,0.25,0.25,0.25,0,0.25
1022,0.25,0.25,0.25,0.25,0.25,0.25,0.25,0.25,0.25,0
1023,0.25,0.25,0.25,0.25,0.25,0.25,0.25,0.25,0.25,0.25
