#---------- Sun Nov 30 23:19:07 PST 2025 ----------
#Format: Task Counter Number,Did Simulation Succeed,Last Step Size Used,Number of Simulations Attempted
0,true,0.01,1
1,true,0.01,1
2,true,0.01,1
3,true,0.01,1
4,true,0.01,1
5,true,0.01,1
6,true,0.01,1
7,true,0.01,1
8,true,0.01,1
9,true,0.01,1
10,true,0.01,1
11,true,0.01,1
12,true,0.01,1
13,true,0.01,1
14,true,0.01,1
15,true,0.01,1
16,true,0.01,1
17,true,0.01,1
18,true,0.01,1
19,true,0.01,1
20,true,0.01,1
21,true,0.01,1
22,true,0.01,1
23,true,0.01,1
24,true,0.01,1
25,true,0.01,1
26,true,0.01,1
27,true,0.01,1
28,true,0.01,1
29,true,0.01,1
30,true,0.01,1
31,true,0.01,1
32,true,0.01,1
33,true,0.01,1
34,true,0.01,1
35,true,0.01,1
36,true,0.01,1
37,true,0.01,1
38,true,0.01,1
39,true,0.01,1
40,true,0.01,1
41,true,0.01,1
42,true,0.01,1
43,true,0.01,1
44,true,0.01,1
45,true,0.01,1
46,true,0.01,1
47,true,0.01,1
48,true,0.01,1
49,true,0.01,1
50,false,0.01,1
51,true,0.01,1
52,true,0.01,1
53,true,0.01,1
54,true,0.01,1
55,true,0.01,1
56,true,0.01,1
57,true,0.01,1
58,true,0.01,1
59,true,0.01,1
60,true,0.01,1
61,true,0.01,1
62,true,0.01,1
63,true,0.01,1
64,true,0.01,1
65,true,0.01,1
66,true,0.01,1
67,false,0.01,1
68,true,0.01,1
69,true,0.01,1
70,true,0.01,1
71,true,0.01,1
72,true,0.01,1
73,true,0.01,1
74,true,0.01,1
75,true,0.01,1
76,true,0.01,1
77,true,0.01,1
78,true,0.01,1
79,true,0.01,1
80,true,0.01,1
81,true,0.01,1
82,true,0.01,1
83,true,0.01,1
84,true,0.01,1
85,true,0.01,1
86,true,0.01,1
87,true,0.01,1
88,true,0.01,1
89,true,0.01,1
90,true,0.01,1
91,true,0.01,1
92,true,0.01,1
93,true,0.01,1
94,true,0.01,1
95,true,0.01,1
96,true,0.01,1
97,true,0.01,1
98,false,0.01,1
99,false,0.01,1
100,true,0.01,1
101,true,0.01,1
102,true,0.01,1
103,false,0.01,1
104,true,0.01,1
105,true,0.01,1
106,false,0.01,1
107,true,0.01,1
108,true,0.01,1
109,true,0.01,1
110,true,0.01,1
111,true,0.01,1
112,true,0.01,1
113,true,0.01,1
114,false,0.01,1
115,false,0.01,1
116,true,0.01,1
117,true,0.01,1
118,false,0.01,1
119,false,0.01,1
120,true,0.01,1
121,true,0.01,1
122,false,0.01,1
123,false,0.01,1
124,true,0.01,1
125,true,0.01,1
126,false,0.01,1
127,true,0.01,1
128,true,0.01,1
129,true,0.01,1
130,true,0.01,1
131,true,0.01,1
132,true,0.01,1
133,true,0.01,1
134,true,0.01,1
135,true,0.01,1
136,true,0.01,1
137,true,0.01,1
138,true,0.01,1
139,true,0.01,1
140,true,0.01,1
141,true,0.01,1
142,true,0.01,1
143,true,0.01,1
144,true,0.01,1
145,true,0.01,1
146,true,0.01,1
147,true,0.01,1
148,true,0.01,1
149,true,0.01,1
150,true,0.01,1
151,true,0.01,1
152,true,0.01,1
153,true,0.01,1
154,true,0.01,1
155,true,0.01,1
156,true,0.01,1
157,true,0.01,1
158,true,0.01,1
159,true,0.01,1
160,true,0.01,1
161,true,0.01,1
162,true,0.01,1
163,true,0.01,1
164,true,0.01,1
165,true,0.01,1
166,true,0.01,1
167,true,0.01,1
168,true,0.01,1
169,true,0.01,1
170,true,0.01,1
171,true,0.01,1
172,true,0.01,1
173,true,0.01,1
174,true,0.01,1
175,true,0.01,1
176,true,0.01,1
177,true,0.01,1
178,false,0.01,1
179,false,0.01,1
180,true,0.01,1
181,true,0.01,1
182,true,0.01,1
183,true,0.01,1
184,true,0.01,1
185,true,0.01,1
186,true,0.01,1
187,true,0.01,1
188,true,0.01,1
189,true,0.01,1
190,true,0.01,1
191,true,0.01,1
192,true,0.01,1
193,true,0.01,1
194,true,0.01,1
195,true,0.01,1
196,true,0.01,1
197,true,0.01,1
198,true,0.01,1
199,true,0.01,1
200,true,0.01,1
201,true,0.01,1
202,true,0.01,1
203,true,0.01,1
204,true,0.01,1
205,true,0.01,1
206,true,0.01,1
207,true,0.01,1
208,true,0.01,1
209,true,0.01,1
210,true,0.01,1
211,true,0.01,1
212,true,0.01,1
213,true,0.01,1
214,true,0.01,1
215,true,0.01,1
216,true,0.01,1
217,true,0.01,1
218,true,0.01,1
219,true,0.01,1
220,true,0.01,1
221,true,0.01,1
222,true,0.01,1
223,true,0.01,1
224,true,0.01,1
225,true,0.01,1
226,true,0.01,1
227,false,0.01,1
228,true,0.01,1
229,true,0.01,1
230,true,0.01,1
231,true,0.01,1
232,true,0.01,1
233,true,0.01,1
234,true,0.01,1
235,true,0.01,1
236,true,0.01,1
237,true,0.01,1
238,true,0.01,1
239,true,0.01,1
240,true,0.01,1
241,true,0.01,1
242,false,0.01,1
243,false,0.01,1
244,true,0.01,1
245,true,0.01,1
246,false,0.01,1
247,false,0.01,1
248,true,0.01,1
249,true,0.01,1
250,false,0.01,1
251,false,0.01,1
252,true,0.01,1
253,true,0.01,1
254,false,0.01,1
255,false,0.01,1
256,true,0.01,1
257,true,0.01,1
258,true,0.01,1
259,true,0.01,1
260,true,0.01,1
261,true,0.01,1
262,true,0.01,1
263,true,0.01,1
264,true,0.01,1
265,true,0.01,1
266,true,0.01,1
267,true,0.01,1
268,true,0.01,1
269,true,0.01,1
270,true,0.01,1
271,true,0.01,1
272,true,0.01,1
273,true,0.01,1
274,true,0.01,1
275,true,0.01,1
276,true,0.01,1
277,true,0.01,1
278,true,0.01,1
279,true,0.01,1
280,true,0.01,1
281,true,0.01,1
282,true,0.01,1
283,true,0.01,1
284,true,0.01,1
285,true,0.01,1
286,true,0.01,1
287,true,0.01,1
288,true,0.01,1
289,true,0.01,1
290,true,0.01,1
291,true,0.01,1
292,true,0.01,1
293,true,0.01,1
294,true,0.01,1
295,true,0.01,1
296,true,0.01,1
297,true,0.01,1
298,true,0.01,1
299,true,0.01,1
300,true,0.01,1
301,true,0.01,1
302,true,0.01,1
303,true,0.01,1
304,true,0.01,1
305,true,0.01,1
306,true,0.01,1
307,true,0.01,1
308,true,0.01,1
309,true,0.01,1
310,true,0.01,1
311,true,0.01,1
312,true,0.01,1
313,true,0.01,1
314,true,0.01,1
315,true,0.01,1
316,true,0.01,1
317,true,0.01,1
318,true,0.01,1
319,true,0.01,1
320,true,0.01,1
321,true,0.01,1
322,true,0.01,1
323,true,0.01,1
324,true,0.01,1
325,true,0.01,1
326,true,0.01,1
327,true,0.01,1
328,true,0.01,1
329,true,0.01,1
330,true,0.01,1
331,true,0.01,1
332,true,0.01,1
333,true,0.01,1
334,true,0.01,1
335,true,0.01,1
336,true,0.01,1
337,true,0.01,1
338,true,0.01,1
339,true,0.01,1
340,true,0.01,1
341,true,0.01,1
342,true,0.01,1
343,true,0.01,1
344,true,0.01,1
345,true,0.01,1
346,true,0.01,1
347,true,0.01,1
348,true,0.01,1
349,true,0.01,1
350,true,0.01,1
351,true,0.01,1
352,true,0.01,1
353,true,0.01,1
354,true,0.01,1
355,false,0.01,1
356,true,0.01,1
357,true,0.01,1
358,true,0.01,1
359,true,0.01,1
360,true,0.01,1
361,true,0.01,1
362,true,0.01,1
363,true,0.01,1
364,true,0.01,1
365,true,0.01,1
366,true,0.01,1
367,true,0.01,1
368,true,0.01,1
369,true,0.01,1
370,false,0.01,1
371,false,0.01,1
372,true,0.01,1
373,true,0.01,1
374,true,0.01,1
375,false,0.01,1
376,true,0.01,1
377,true,0.01,1
378,true,0.01,1
379,true,0.01,1
380,true,0.01,1
381,true,0.01,1
382,true,0.01,1
383,true,0.01,1
384,true,0.01,1
385,true,0.01,1
386,true,0.01,1
387,true,0.01,1
388,true,0.01,1
389,true,0.01,1
390,true,0.01,1
391,true,0.01,1
392,true,0.01,1
393,true,0.01,1
394,true,0.01,1
395,true,0.01,1
396,true,0.01,1
397,true,0.01,1
398,true,0.01,1
399,true,0.01,1
400,true,0.01,1
401,true,0.01,1
402,true,0.01,1
403,true,0.01,1
404,true,0.01,1
405,true,0.01,1
406,true,0.01,1
407,true,0.01,1
408,true,0.01,1
409,true,0.01,1
410,true,0.01,1
411,true,0.01,1
412,true,0.01,1
413,true,0.01,1
414,true,0.01,1
415,true,0.01,1
416,true,0.01,1
417,true,0.01,1
418,true,0.01,1
419,true,0.01,1
420,true,0.01,1
421,true,0.01,1
422,true,0.01,1
423,true,0.01,1
424,true,0.01,1
425,true,0.01,1
426,true,0.01,1
427,true,0.01,1
428,true,0.01,1
429,true,0.01,1
430,true,0.01,1
431,true,0.01,1
432,true,0.01,1
433,true,0.01,1
434,true,0.01,1
435,true,0.01,1
436,true,0.01,1
437,true,0.01,1
438,true,0.01,1
439,true,0.01,1
440,true,0.01,1
441,true,0.01,1
442,true,0.01,1
443,true,0.01,1
444,true,0.01,1
445,true,0.01,1
446,true,0.01,1
447,true,0.01,1
448,true,0.01,1
449,true,0.01,1
450,true,0.01,1
451,true,0.01,1
452,true,0.01,1
453,true,0.01,1
454,true,0.01,1
455,true,0.01,1
456,true,0.01,1
457,true,0.01,1
458,true,0.01,1
459,true,0.01,1
460,true,0.01,1
461,true,0.01,1
462,true,0.01,1
463,true,0.01,1
464,true,0.01,1
465,true,0.01,1
466,true,0.01,1
467,true,0.01,1
468,true,0.01,1
469,true,0.01,1
470,true,0.01,1
471,true,0.01,1
472,true,0.01,1
473,true,0.01,1
474,true,0.01,1
475,true,0.01,1
476,true,0.01,1
477,true,0.01,1
478,true,0.01,1
479,true,0.01,1
480,true,0.01,1
481,true,0.01,1
482,true,0.01,1
483,true,0.01,1
484,true,0.01,1
485,true,0.01,1
486,true,0.01,1
487,true,0.01,1
488,true,0.01,1
489,true,0.01,1
490,true,0.01,1
491,true,0.01,1
492,true,0.01,1
493,true,0.01,1
494,true,0.01,1
495,true,0.01,1
496,true,0.01,1
497,true,0.01,1
498,false,0.01,1
499,false,0.01,1
500,true,0.01,1
501,true,0.01,1
502,true,0.01,1
503,true,0.01,1
504,true,0.01,1
505,true,0.01,1
506,true,0.01,1
507,true,0.01,1
508,true,0.01,1
509,true,0.01,1
510,true,0.01,1
511,true,0.01,1
512,true,0.01,1
513,true,0.01,1
514,true,0.01,1
515,true,0.01,1
516,true,0.01,1
517,true,0.01,1
518,true,0.01,1
519,true,0.01,1
520,true,0.01,1
521,true,0.01,1
522,true,0.01,1
523,true,0.01,1
524,true,0.01,1
525,true,0.01,1
526,true,0.01,1
527,true,0.01,1
528,true,0.01,1
529,true,0.01,1
530,true,0.01,1
531,true,0.01,1
532,true,0.01,1
533,true,0.01,1
534,true,0.01,1
535,true,0.01,1
536,true,0.01,1
537,true,0.01,1
538,true,0.01,1
539,true,0.01,1
540,true,0.01,1
541,true,0.01,1
542,true,0.01,1
543,true,0.01,1
544,true,0.01,1
545,true,0.01,1
546,true,0.01,1
547,true,0.01,1
548,true,0.01,1
549,true,0.01,1
550,true,0.01,1
551,true,0.01,1
552,true,0.01,1
553,true,0.01,1
554,true,0.01,1
555,true,0.01,1
556,true,0.01,1
557,true,0.01,1
558,true,0.01,1
559,true,0.01,1
560,true,0.01,1
561,true,0.01,1
562,true,0.01,1
563,true,0.01,1
564,true,0.01,1
565,true,0.01,1
566,true,0.01,1
567,true,0.01,1
568,true,0.01,1
569,true,0.01,1
570,true,0.01,1
571,true,0.01,1
572,true,0.01,1
573,true,0.01,1
574,true,0.01,1
575,true,0.01,1
576,true,0.01,1
577,true,0.01,1
578,true,0.01,1
579,true,0.01,1
580,true,0.01,1
581,true,0.01,1
582,true,0.01,1
583,true,0.01,1
584,true,0.01,1
585,true,0.01,1
586,true,0.01,1
587,true,0.01,1
588,true,0.01,1
589,true,0.01,1
590,true,0.01,1
591,true,0.01,1
592,true,0.01,1
593,true,0.01,1
594,true,0.01,1
595,true,0.01,1
596,true,0.01,1
597,true,0.01,1
598,true,0.01,1
599,true,0.01,1
600,true,0.01,1
601,true,0.01,1
602,true,0.01,1
603,true,0.01,1
604,true,0.01,1
605,true,0.01,1
606,true,0.01,1
607,true,0.01,1
608,true,0.01,1
609,true,0.01,1
610,true,0.01,1
611,true,0.01,1
612,true,0.01,1
613,true,0.01,1
614,true,0.01,1
615,true,0.01,1
616,true,0.01,1
617,true,0.01,1
618,true,0.01,1
619,true,0.01,1
620,true,0.01,1
621,true,0.01,1
622,true,0.01,1
623,true,0.01,1
624,true,0.01,1
625,true,0.01,1
626,true,0.01,1
627,true,0.01,1
628,true,0.01,1
629,true,0.01,1
630,true,0.01,1
631,true,0.01,1
632,true,0.01,1
633,true,0.01,1
634,true,0.01,1
635,true,0.01,1
636,true,0.01,1
637,true,0.01,1
638,true,0.01,1
639,true,0.01,1
640,true,0.01,1
641,true,0.01,1
642,true,0.01,1
643,true,0.01,1
644,true,0.01,1
645,true,0.01,1
646,true,0.01,1
647,true,0.01,1
648,true,0.01,1
649,true,0.01,1
650,true,0.01,1
651,true,0.01,1
652,true,0.01,1
653,true,0.01,1
654,true,0.01,1
655,true,0.01,1
656,true,0.01,1
657,true,0.01,1
658,true,0.01,1
659,true,0.01,1
660,true,0.01,1
661,true,0.01,1
662,true,0.01,1
663,true,0.01,1
664,true,0.01,1
665,true,0.01,1
666,true,0.01,1
667,true,0.01,1
668,true,0.01,1
669,true,0.01,1
670,true,0.01,1
671,true,0.01,1
672,true,0.01,1
673,true,0.01,1
674,true,0.01,1
675,true,0.01,1
676,true,0.01,1
677,true,0.01,1
678,true,0.01,1
679,true,0.01,1
680,true,0.01,1
681,true,0.01,1
682,true,0.01,1
683,true,0.01,1
684,true,0.01,1
685,true,0.01,1
686,true,0.01,1
687,true,0.01,1
688,true,0.01,1
689,true,0.01,1
690,true,0.01,1
691,true,0.01,1
692,true,0.01,1
693,true,0.01,1
694,true,0.01,1
695,true,0.01,1
696,true,0.01,1
697,true,0.01,1
698,true,0.01,1
699,true,0.01,1
700,true,0.01,1
701,true,0.01,1
702,true,0.01,1
703,true,0.01,1
704,true,0.01,1
705,true,0.01,1
706,true,0.01,1
707,true,0.01,1
708,true,0.01,1
709,true,0.01,1
710,true,0.01,1
711,true,0.01,1
712,true,0.01,1
713,true,0.01,1
714,true,0.01,1
715,true,0.01,1
716,true,0.01,1
717,true,0.01,1
718,true,0.01,1
719,true,0.01,1
720,true,0.01,1
721,true,0.01,1
722,true,0.01,1
723,true,0.01,1
724,true,0.01,1
725,true,0.01,1
726,true,0.01,1
727,true,0.01,1
728,true,0.01,1
729,true,0.01,1
730,true,0.01,1
731,true,0.01,1
732,true,0.01,1
733,true,0.01,1
734,true,0.01,1
735,true,0.01,1
736,true,0.01,1
737,true,0.01,1
738,true,0.01,1
739,true,0.01,1
740,true,0.01,1
741,true,0.01,1
742,true,0.01,1
743,true,0.01,1
744,true,0.01,1
745,true,0.01,1
746,true,0.01,1
747,true,0.01,1
748,true,0.01,1
749,true,0.01,1
750,true,0.01,1
751,true,0.01,1
752,true,0.01,1
753,true,0.01,1
754,true,0.01,1
755,false,0.01,1
756,true,0.01,1
757,true,0.01,1
758,true,0.01,1
759,true,0.01,1
760,true,0.01,1
761,true,0.01,1
762,true,0.01,1
763,true,0.01,1
764,true,0.01,1
765,true,0.01,1
766,true,0.01,1
767,true,0.01,1
768,true,0.01,1
769,true,0.01,1
770,true,0.01,1
771,true,0.01,1
772,true,0.01,1
773,true,0.01,1
774,true,0.01,1
775,true,0.01,1
776,true,0.01,1
777,true,0.01,1
778,true,0.01,1
779,true,0.01,1
780,true,0.01,1
781,true,0.01,1
782,true,0.01,1
783,true,0.01,1
784,true,0.01,1
785,true,0.01,1
786,true,0.01,1
787,true,0.01,1
788,true,0.01,1
789,true,0.01,1
790,true,0.01,1
791,true,0.01,1
792,true,0.01,1
793,true,0.01,1
794,true,0.01,1
795,true,0.01,1
796,true,0.01,1
797,true,0.01,1
798,true,0.01,1
799,true,0.01,1
800,true,0.01,1
801,true,0.01,1
802,true,0.01,1
803,true,0.01,1
804,true,0.01,1
805,true,0.01,1
806,true,0.01,1
807,true,0.01,1
808,true,0.01,1
809,true,0.01,1
810,true,0.01,1
811,true,0.01,1
812,true,0.01,1
813,true,0.01,1
814,true,0.01,1
815,true,0.01,1
816,true,0.01,1
817,true,0.01,1
818,true,0.01,1
819,true,0.01,1
820,true,0.01,1
821,true,0.01,1
822,true,0.01,1
823,true,0.01,1
824,true,0.01,1
825,true,0.01,1
826,true,0.01,1
827,true,0.01,1
828,true,0.01,1
829,true,0.01,1
830,true,0.01,1
831,true,0.01,1
832,true,0.01,1
833,true,0.01,1
834,true,0.01,1
835,true,0.01,1
836,true,0.01,1
837,true,0.01,1
838,true,0.01,1
839,true,0.01,1
840,true,0.01,1
841,true,0.01,1
842,true,0.01,1
843,true,0.01,1
844,true,0.01,1
845,true,0.01,1
846,true,0.01,1
847,true,0.01,1
848,true,0.01,1
849,true,0.01,1
850,true,0.01,1
851,true,0.01,1
852,true,0.01,1
853,true,0.01,1
854,true,0.01,1
855,true,0.01,1
856,true,0.01,1
857,true,0.01,1
858,true,0.01,1
859,true,0.01,1
860,true,0.01,1
861,true,0.01,1
862,true,0.01,1
863,true,0.01,1
864,true,0.01,1
865,true,0.01,1
866,true,0.01,1
867,true,0.01,1
868,true,0.01,1
869,true,0.01,1
870,true,0.01,1
871,true,0.01,1
872,true,0.01,1
873,true,0.01,1
874,true,0.01,1
875,true,0.01,1
876,true,0.01,1
877,true,0.01,1
878,true,0.01,1
879,true,0.01,1
880,true,0.01,1
881,true,0.01,1
882,true,0.01,1
883,true,0.01,1
884,true,0.01,1
885,true,0.01,1
886,true,0.01,1
887,true,0.01,1
888,true,0.01,1
889,true,0.01,1
890,true,0.01,1
891,true,0.01,1
892,true,0.01,1
893,true,0.01,1
894,true,0.01,1
895,true,0.01,1
896,true,0.01,1
897,true,0.01,1
898,true,0.01,1
899,true,0.01,1
900,true,0.01,1
901,true,0.01,1
902,true,0.01,1
903,true,0.01,1
904,true,0.01,1
905,true,0.01,1
906,true,0.01,1
907,true,0.01,1
908,true,0.01,1
909,true,0.01,1
910,true,0.01,1
911,true,0.01,1
912,true,0.01,1
913,true,0.01,1
914,true,0.01,1
915,true,0.01,1
916,true,0.01,1
917,true,0.01,1
918,true,0.01,1
919,true,0.01,1
920,true,0.01,1
921,true,0.01,1
922,true,0.01,1
923,true,0.01,1
924,true,0.01,1
925,true,0.01,1
926,true,0.01,1
927,true,0.01,1
928,true,0.01,1
929,true,0.01,1
930,true,0.01,1
931,true,0.01,1
932,true,0.01,1
933,true,0.01,1
934,true,0.01,1
935,true,0.01,1
936,true,0.01,1
937,true,0.01,1
938,true,0.01,1
939,true,0.01,1
940,true,0.01,1
941,true,0.01,1
942,true,0.01,1
943,true,0.01,1
944,true,0.01,1
945,true,0.01,1
946,true,0.01,1
947,true,0.01,1
948,false,0.01,1
949,true,0.01,1
950,true,0.01,1
951,true,0.01,1
952,true,0.01,1
953,true,0.01,1
954,true,0.01,1
955,true,0.01,1
956,true,0.01,1
957,true,0.01,1
958,true,0.01,1
959,true,0.01,1
960,true,0.01,1
961,true,0.01,1
962,true,0.01,1
963,true,0.01,1
964,true,0.01,1
965,true,0.01,1
966,true,0.01,1
967,true,0.01,1
968,true,0.01,1
969,true,0.01,1
970,true,0.01,1
971,true,0.01,1
972,true,0.01,1
973,true,0.01,1
974,true,0.01,1
975,true,0.01,1
976,true,0.01,1
977,true,0.01,1
978,true,0.01,1
979,true,0.01,1
980,true,0.01,1
981,true,0.01,1
982,true,0.01,1
983,true,0.01,1
984,true,0.01,1
985,true,0.01,1
986,true,0.01,1
987,true,0.01,1
988,true,0.01,1
989,true,0.01,1
990,true,0.01,1
991,true,0.01,1
992,true,0.01,1
993,true,0.01,1
994,true,0.01,1
995,true,0.01,1
996,true,0.01,1
997,true,0.01,1
998,true,0.01,1
999,true,0.01,1
1000,true,0.01,1
1001,true,0.01,1
1002,true,0.01,1
1003,true,0.01,1
1004,true,0.01,1
1005,true,0.01,1
1006,true,0.01,1
1007,true,0.01,1
1008,true,0.01,1
1009,true,0.01,1
1010,true,0.01,1
1011,true,0.01,1
1012,true,0.01,1
1013,true,0.01,1
1014,true,0.01,1
1015,true,0.01,1
1016,true,0.01,1
1017,true,0.01,1
1018,true,0.01,1
1019,true,0.01,1
1020,true,0.01,1
1021,true,0.01,1
1022,true,0.01,1
1023,true,0.01,1
