0,0,0,0
1,0,0,0.1
18,0.25,0,0
0,0,0,0
1,0,0,0.1
0,0,0,0
1,0,0,0.1
3,0,0.1,0
6,0,0.25,0
9,0.1,0,0
0,0,0,0
1,0,0,0.1
3,0,0.1,0
6,0,0.25,0
9,0.1,0,0
0,0,0,0,0,0,0,0,0,0,0
1,0,0,0,0,0,0,0,0,0,0.1
2,0,0,0,0,0,0,0,0,0,0.25
3,0,0,0,0,0,0,0,0,0.1,0
5,0,0,0,0,0,0,0,0,0.1,0.25
6,0,0,0,0,0,0,0,0,0.25,0
7,0,0,0,0,0,0,0,0,0.25,0.1
8,0,0,0,0,0,0,0,0,0.25,0.25
9,0,0,0,0,0,0,0,0.1,0,0
10,0,0,0,0,0,0,0,0.1,0,0.1
12,0,0,0,0,0,0,0,0.1,0.1,0
13,0,0,0,0,0,0,0,0.1,0.1,0.1
15,0,0,0,0,0,0,0,0.1,0.25,0
16,0,0,0,0,0,0,0,0.1,0.25,0.1
17,0,0,0,0,0,0,0,0.1,0.25,0.25
18,0,0,0,0,0,0,0,0.25,0,0
19,0,0,0,0,0,0,0,0.25,0,0.1
21,0,0,0,0,0,0,0,0.25,0.1,0
22,0,0,0,0,0,0,0,0.25,0.1,0.1
24,0,0,0,0,0,0,0,0.25,0.25,0
25,0,0,0,0,0,0,0,0.25,0.25,0.1
26,0,0,0,0,0,0,0,0.25,0.25,0.25
27,0,0,0,0,0,0,0.1,0,0,0
0,0,0,0,0,0,0,0,0,0,0
1,0,0,0,0,0,0,0,0,0,0.1
2,0,0,0,0,0,0,0,0,0,0.25
3,0,0,0,0,0,0,0,0,0.1,0
4,0,0,0,0,0,0,0,0,0.1,0.1
5,0,0,0,0,0,0,0,0,0.1,0.25
6,0,0,0,0,0,0,0,0,0.25,0
7,0,0,0,0,0,0,0,0,0.25,0.1
8,0,0,0,0,0,0,0,0,0.25,0.25
9,0,0,0,0,0,0,0,0.1,0,0
10,0,0,0,0,0,0,0,0.1,0,0.1
11,0,0,0,0,0,0,0,0.1,0,0.25
12,0,0,0,0,0,0,0,0.1,0.1,0
13,0,0,0,0,0,0,0,0.1,0.1,0.1
14,0,0,0,0,0,0,0,0.1,0.1,0.25
15,0,0,0,0,0,0,0,0.1,0.25,0
16,0,0,0,0,0,0,0,0.1,0.25,0.1
17,0,0,0,0,0,0,0,0.1,0.25,0.25
18,0,0,0,0,0,0,0,0.25,0,0
19,0,0,0,0,0,0,0,0.25,0,0.1
20,0,0,0,0,0,0,0,0.25,0,0.25
21,0,0,0,0,0,0,0,0.25,0.1,0
22,0,0,0,0,0,0,0,0.25,0.1,0.1
23,0,0,0,0,0,0,0,0.25,0.1,0.25
24,0,0,0,0,0,0,0,0.25,0.25,0
0,0,0,0
1,0,0,0.1
0,0,0,0
1,0,0,0.1
2,0,0,0.25
3,0,0.1,0
