0.0 5.0 1.0
Linear 42 explicit
 0.000000000 0.0 0.0 0.0 0.0 0.0 0.0 0.0 0.0 0.0 0.0 0.0 0.0 0.0 0.0 0.0 0.0 0.0 0.0 0.0 0.0 0.0 0.0 0.0 0.0 0.0 0.0 0.0 0.0 0.0 0.0 0.0 0.0 0.0 0.0 0.0 0.0 0.0 0.0 0.0 0.0 0.0 0.0
 0.010000000 1.0792394171977349E-20 3.89236598701024E-21 3.160040904586713E-20 1.436976906961374E-20 2.321748675800573E-21 -6.933565390151834E-20 2.6378601343521554E-6 2.6695473429976676E-6 5.314166634457086E-6 3.917471144241058E-4 3.910961883239276E-4 7.808867523243205E-4 2.3743210301631225E-5 3.0228867890164903E-5 5.398441061744257E-5 -4.451070130133055E-21 -1.0924573129667845E-21 2.3345424185648087E-20 6.449131423887973E-5 6.474405706400486E-5 1.290605623731077E-4 2.650418438380858E-5 6.97049804102988E-5 9.53289410457095E-5 -3.876132495716828E-20 -3.3277173832986334E-20 1.240530694881944E-19 -4.3976749675165186E-21 1.775864350166886E-21 -8.701937630690117E-21 -3.389651943867229E-20 -5.704737318078305E-21 -2.4447560707238047E-19 1.2368810826253356E-20 -3.404027448616817E-21 -1.64910449365541E-20 1.1158333047076922E-23 1.6439087082328173E-23 1.6439087082328173E-23 -6.857963142150397E-22 3.487642427164805E-21 -8.736669193258542E-21
 0.020000000 -2.554687467969398E-20 -1.7532478392281682E-20 5.2453019088386294E-20 1.1418829306327271E-20 -1.95948863399812E-20 6.645133244473307E-20 7.676644866296153E-6 1.0691391349541477E-5 1.865457100762385E-5 0.0015619711219212768 0.001567821517464002 0.00312463435532833 1.7242818781533525E-4 1.9863042251454924E-4 3.712494742232028E-4 -3.0841315378752606E-21 3.618825348827141E-5 4.980033992555397E-6 2.648767192786917E-4 2.661336161378615E-4 5.307995634686948E-4 -7.385652852078414E-23 1.8384390643651192E-4 1.8055581635874343E-4 -1.717806136204879E-20 -1.4934977144095822E-20 7.461903753049587E-20 -5.674200232671801E-21 3.440095387771186E-6 2.4679705754402045E-21 1.6966464311099124E-19 7.246391403422111E-20 3.2145259366908905E-19 4.2296581400355576E-5 8.848484682120446E-5 1.277594840933043E-4 7.575741069963315E-23 7.575741069963316E-23 7.575741069963316E-23 1.7862081748970366E-21 1.1416348045452388E-21 5.386317493702849E-22
 0.030000000 -1.6564498640406128E-19 1.844610868034657E-20 -3.0870338929618114E-19 -1.6998893606660864E-20 -8.904516632633748E-20 -1.109788599046943E-19 1.3317339075750348E-5 2.5443817498811474E-5 4.011560023166062E-5 0.003737565806819464 0.003757552866214384 0.007486910949839926 5.584900471439831E-4 6.216212075100051E-4 0.0011813842272621062 1.2758035812271111E-5 2.3425862951483148E-4 2.0183928527234995E-4 6.478451061148379E-4 6.503357542014733E-4 0.0012984471517759322 -4.601008866911004E-20 2.6748666246318164E-4 6.468458390865634E-5 5.805314193773274E-20 9.143726519894675E-20 -6.057852888796573E-20 1.6299151392270686E-5 6.950025151586146E-5 8.30557326630697E-5 -7.671190519151457E-19 2.9306418202964546E-19 -8.397294119763155E-19 3.4414066356917497E-4 4.5914963546146487E-4 7.990075645646189E-4 1.9322292517346653E-22 1.0873086077858633E-22 1.0873085795979306E-22 2.7579130081888294E-21 5.813437040618305E-6 1.6974039738759053E-6
 0.040000000 -8.169099236409394E-20 1.712778133339139E-20 3.335036554611766E-19 -5.1103480596527986E-20 2.0340987360623855E-19 2.8335082125095E-19 1.8622395263536767E-5 4.8290907019238545E-5 6.942571729210986E-5 0.007098848767680001 0.007135597480394842 0.014224418935732815 0.0012794641337310494 0.001400098845015692 0.002681323447708989 1.3297316323019562E-4 6.933806192471521E-4 7.779899953717776E-4 0.0012502586051924686 0.0012532263540616984 0.002505521373798024 -1.225965773607001E-19 2.60962688980506E-4 3.162596599777212E-20 9.01312330297696E-21 4.401682499614033E-21 1.1416487749201636E-19 1.1386419628802955E-4 2.5456318012371463E-4 3.674374328919968E-4 2.8922702163047057E-19 1.529770584738795E-20 -1.6635767605141967E-18 0.0010679800170527176 0.0012665705160911575 0.0023279188898169007 -6.957549433242728E-22 -3.577866801152851E-22 -1.8880263871217626E-22 3.9786659997567245E-6 3.7707460606822205E-5 3.810183318958119E-5
 0.050000000 1.0069373884797228E-19 8.63666534122307E-20 2.9679969263727165E-19 -1.2851136574398034E-19 -2.011730338581455E-21 -1.4487082739381808E-19 2.1807259850385942E-5 7.994068350292954E-5 1.0625532720760325E-4 0.011766311090106295 0.011832633483340613 0.023586353792326476 0.0024082598957087423 0.002609563543538459 0.0050205775041331875 4.2649720192193243E-4 0.0014851813687840126 0.001858658803230267 0.002097426533760375 0.0021008288750088704 0.004203196238131642 -5.2390034993282366E-20 1.0418852563710013E-4 8.746041379520485E-20 -4.537249483587852E-20 6.810261877183849E-5 2.6889431840296832E-20 3.241541966167433E-4 5.969992528864145E-4 9.23042149110297E-4 -7.761519559639207E-20 1.3185678517475064E-18 1.3817984351133248E-18 0.002336299045012163 0.0026334802099108397 0.004959891742771807 5.476151340631118E-22 5.476149536603418E-22 8.855833070611741E-22 2.7850048339949495E-5 1.066549818431051E-4 1.3241072135261573E-4
 0.060000000 2.911054832132052E-19 4.446923546854374E-19 -4.504169054509193E-19 -4.5751618420589606E-21 2.4509551974934903E-19 -2.901614858967795E-19 2.1975753013419247E-5 1.2102107209085998E-4 1.5033564283143007E-4 0.017804263449508886 0.017916775596182172 0.03570491452284236 0.003991621496841661 0.004299421679003407 0.008295275176501785 9.261433191362199E-4 0.002662432396228767 0.0035292392173029556 0.0032032039883078288 0.003207099157748928 0.006419320432698583 -2.896039885095465E-20 7.158140512487715E-20 -2.1469872669802334E-19 2.3037162987716262E-20 4.233262073564006E-4 1.8443567754745905E-4 6.680309987218256E-4 0.0011235205109263603 0.001797506236205376 -4.486288598350617E-19 -9.164790066993145E-19 1.3297109281286954E-18 0.004230941967366863 0.004643283728545235 0.00885998766370232 1.414357716999444E-22 4.794037642877626E-22 4.794044858988427E-22 7.666027348243043E-5 2.199734004714504E-4 2.9664564070933173E-4
 0.070000000 3.4562661860157117E-19 7.890724351048155E-20 3.7805145214512654E-19 -2.458332130950732E-19 -1.3004384835342194E-19 4.90667952786561E-19 1.8744096028945895E-5 1.7197222587213377E-4 2.0147833391221493E-4 0.025216241993079286 0.025396275737520665 0.05059141584782345 0.0060481602485497445 0.006490899872044161 0.012544974115511587 0.0016462541014872789 0.004254461472516537 0.005832879814657631 0.004569046036730278 0.004573716741135898 0.009156818544905196 8.187520201473229E-19 1.8998254992201254E-19 -5.636411230817123E-19 2.094872009417405E-5 0.0011095499397760192 8.672310827543661E-4 0.0011556095484278098 0.0018482895280039935 0.003014902373861427 9.477665731667718E-19 -1.2175088537200152E-19 -2.3613566598906362E-18 0.006789618818045459 0.007339282091761867 0.014108767461706813 -2.1201150016585054E-22 -5.499787711405386E-22 -2.1201077855477043E-22 1.5277839224852279E-4 3.8186662939247663E-4 5.371042090003197E-4
 0.080000000 -5.358668148419513E-19 -2.7286809885910073E-19 5.648895358156056E-19 -6.212347294438669E-20 3.847936953477632E-19 7.386789033914309E-19 1.2277681076300544E-5 2.330803919134595E-4 2.596629695567771E-4 0.03394797648951984 0.03422203045560591 0.0681419755292651 0.00856794455652977 0.009176744054681656 0.017752001917226735 0.002580996988390963 0.006266045626887462 0.008767960023386213 0.006184989555595021 0.006191246473105217 0.012395824038283114 2.9191815899051907E-19 -4.592291669369325E-20 1.3004385189019077E-22 1.9615761990345168E-4 0.002140920096025399 0.0020713958594338446 0.0017855728089460302 0.002772343445995651 0.004574471383745211 -4.507324477836353E-19 -3.9877206099158395E-18 -9.154727773255101E-19 0.010003127577642358 0.010722206527030077 0.020697237566497058 1.4947379752256421E-21 1.4947365320034819E-21 8.188005468216668E-22 2.5613442797252015E-4 5.93325867948908E-4 8.54229790133851E-4
 0.090000000 -8.738153994003365E-19 3.4259898686839846E-20 1.6558086176422723E-19 -8.469659189225111E-20 8.276208615917434E-20 1.8182281234340755E-19 3.111169709963598E-6 3.044245075733897E-4 3.2484059805177093E-4 0.043885969607675976 0.04428752509215805 0.08813588634612846 0.011512964230807908 0.01232143296490051 0.023842160734284423 0.003705262731540233 0.008677557769305544 0.012289054580234184 0.008029417699185056 0.00803892441284776 0.016093298614387894 -5.605609170333085E-19 -6.803620736394771E-20 8.240021293839609E-19 5.347631313876289E-4 0.0035023706947088624 0.0037670666613988566 0.0025454119506680088 0.0038839564108439062 0.006451325506015578 -4.361620949831096E-18 9.1307441819978E-19 2.598241300933083E-18 0.01381693802674751 0.014750242483841337 0.028528350270969394 6.839732894139284E-22 6.839747326360887E-22 6.839718461917682E-22 3.8404735154038924E-4 8.52333173358341E-4 0.00124265326005194
 0.100000000 -7.025827366648654E-19 2.6948528553740625E-19 5.822067403066467E-19 1.9045223510643967E-19 2.359638942356547E-19 -2.7106606028781167E-19 3.820798148807611E-21 3.858411575533434E-4 3.9696520069013334E-4 0.05486097549942327 0.05543259387782928 0.11024320930740518 0.014818124027793672 0.015862267379545995 0.030687002699514895 0.004975084019832955 0.011445050905904511 0.016307765214427377 0.010069837564294064 0.010085461520950917 0.02018476592853094 5.775586531787658E-19 -1.3704162458177528E-19 7.586993969974323E-19 9.99062930083925E-4 0.0051492213657937805 0.0058712567160547485 0.003411696127999348 0.005158823355196267 0.008597036087396388 3.7555621929191325E-18 -3.897377823369656E-18 1.4482235939473552E-18 0.018131330028947578 0.01934006559919312 0.037418497423127646 1.2014506975759238E-21 1.2014478111316032E-21 8.634798185173364E-22 5.311425941474496E-4 0.0011538259787487561 0.001691274129001361
 0.110000000 -9.060332312174712E-20 -6.630316693914932E-19 1.010369306355243E-19 -3.9958232029226924E-20 -9.212059388067549E-20 -8.801916640369055E-19 -1.5676001920409194E-21 4.767721332180163E-4 4.7575418321285217E-4 0.0666567593709521 0.06744358968105961 0.13403327423958142 0.018393686346176427 0.019711514384145687 0.03810843220246865 0.006326339435831564 0.014505546112983662 0.020696210402978893 0.012264014095700616 0.01228937569306615 0.024585915425860572 -6.408284703897333E-19 -6.03143637575576E-21 5.910728692106824E-19 0.0015274970949507689 0.007011330756179495 0.008251566795009697 0.004350263994309678 0.006561733757402053 0.010941647229735181 -9.107509648485457E-19 8.644707419330551E-20 -2.782347451314026E-19 0.02280843648144723 0.024366333786679194 0.047103746351072937 7.211809999760023E-22 7.211795567538419E-22 7.211809999760023E-22 6.899330150259152E-4 0.0014894617473262667 0.002183633431090595
 0.120000000 4.903758654226628E-19 -1.8470324302092778E-19 1.1629118293681958E-19 -3.811682412637023E-20 -7.166191020558536E-20 7.949835635286688E-19 -6.375905575132027E-22 5.71560616260343E-4 5.605386272605766E-4 0.07898370230233584 0.08003762584957859 0.15898089771294593 0.02211798378262065 0.023749058872016636 0.045881336977948675 0.007647466361736888 0.017742071492307547 0.02528844409173278 0.014559052159745726 0.014598941740711009 0.029194143295397795 8.833524835849057E-19 -2.721345487060287E-19 -2.687119408282524E-19 0.0020175532334819157 0.00897499017648367 0.010727058654546909 0.005316212499475119 0.008044940281568616 0.013394357293852714 -1.0124406707215165E-18 -3.470990259709465E-19 -2.633076503741191E-18 0.027645255633999787 0.029642079169880736 0.057244535901389546 8.449560621287042E-23 2.5347815930564895E-22 4.224607123984275E-22 8.426151440306487E-4 0.0018413233545883276 0.0026977983719430176
 0.130000000 1.1224273218550315E-20 -1.5636693603825882E-18 4.517370676303272E-19 1.397171030124391E-19 -4.402824415470238E-20 -1.4550945963716417E-18 4.911628301616469E-21 6.726170974632181E-4 6.501790421119406E-4 0.09155849777859135 0.09293904482886876 0.18448460697315702 0.025864794843319886 0.02785067645337552 0.05374015932620979 0.008872683765356097 0.02107850906793846 0.02988611414286701 0.016896241558386146 0.01695678940351962 0.03389146024759349 1.2666996822531136E-18 -2.691084182700963E-19 1.0879822543671919E-18 0.0023851105419631182 0.01093421955993362 0.013075909579631504 0.006258249444291374 0.009553050002066963 0.0158466805474215 -1.8055471235932465E-18 1.1933760442817909E-18 -3.25739623466606E-18 0.03245233070213083 0.03499745630822034 0.06743617565065217 -1.7600310729287742E-22 -9.151110913496862E-23 -9.151074832942852E-23 9.831652720622744E-4 0.002201625019512491 0.0032074943942431715
 0.140000000 6.142921346656524E-19 6.792541218947313E-19 1.370586634640177E-18 5.331818130427088E-19 5.739580733425763E-19 -9.409780665745808E-19 1.6473466024000584E-22 7.776817093607001E-4 7.429754280072312E-4 0.10404125610166232 0.10581662991012326 0.2098734367455733 0.029483561054175118 0.031866733478324145 0.061385166708020134 0.009896824834282504 0.024394023437644165 0.034263283428891365 0.019208785402549677 0.019297552948495306 0.038546285273135354 1.1589254073036357E-18 -1.2971957081262088E-19 -9.185352303517246E-19 0.002512902206718391 0.012749848755285538 0.015041913301538723 0.007116783424145889 0.011021166895388049 0.01817472715530487 1.49018103457318E-18 -1.9806036370755477E-18 -3.363587820513078E-20 0.03699139171865459 0.04021129429108017 0.07721934550822669 5.161611895523494E-23 5.1616840566315135E-23 7.273839688360919E-23 0.0010966900890407663 0.0025542981790743317 0.0036822329002493457
 0.150000000 2.3798415256496974E-19 -5.113363140376071E-20 6.1087377513713755E-19 -7.16375165818395E-20 3.438878860493154E-19 -3.8367461087093163E-19 -1.8348263788587177E-21 8.843120418184841E-4 8.368567410512171E-4 0.11606726331998946 0.11831328154867661 0.2344265212154079 0.03281050190102416 0.03563330174647327 0.06848957282935958 0.010604791036927816 0.02755508611406796 0.03817205702157456 0.0214246661195346 0.02155040961332955 0.04301675475410596 5.778788152778026E-19 -4.4297809086133894E-20 1.8757528962268612E-18 0.0022688275616017423 0.014269699516834487 0.016341799817470644 0.007825841183886073 0.012377824056373773 0.02024200012983752 -7.933318058162446E-19 2.1081471558672154E-18 -6.42273213753701E-18 0.04100508203972143 0.04503848256473435 0.08609240281791103 5.2435147530514413E-23 1.018914845220279E-23 -3.2056850626108834E-23 0.001166272094731351 0.0028814837848218774 0.004088198950416374
 0.160000000 -6.384091980792522E-19 6.690525523323324E-20 8.60073009106368E-20 2.1199969710555768E-19 8.189235336490152E-20 1.1415833491201151E-18 8.101971131509959E-21 9.893812997096257E-4 9.295821905677023E-4 0.12725808286208226 0.13005194957999341 0.25738907787229226 0.03567246603833456 0.03897707283381257 0.07470791126202016 0.01087547707719662 0.030419569353817802 0.04134978342898727 0.023468409700439192 0.02364070617635257 0.04715385386370471 -3.0188600044442755E-19 2.0649454050329958E-4 -6.025880273784314E-19 0.001516752083679022 0.01532942337112221 0.016675922564559686 0.008315768555033399 0.013546071974402772 0.021903010363010345 8.303983500771325E-19 2.4506981293573275E-18 4.18832547899134E-18 0.04422219063163729 0.04922014871434277 0.09352596543095923 -5.233469926492481E-22 -3.543629963464243E-22 -3.543629963464243E-22 0.0011748560277050613 0.003163180020905482 0.004389343339206221
 0.170000000 1.3657998191747772E-19 9.94992555260491E-20 5.105640193117844E-20 -5.1576824216493775E-19 -3.6935427145743905E-19 -5.477565384180617E-19 2.635731494647546E-21 0.0010899973698317988 0.0010190587266716282 0.13722922739672339 0.14065038811405342 0.2779944476861342 0.037892737234086434 0.041720074545324136 0.07968622901534052 0.010588142164023187 0.03283926009301129 0.04352754070770353 0.025263030675912717 0.025492346690075753 0.05080543038534395 2.9022516685125413E-19 0.0010492581781292095 -1.2055075157497587E-19 1.1929190097850356E-4 0.015761323613045768 0.01573951360454326 0.008515280122907856 0.01444601401224914 0.02300754669839158 2.747054097145889E-18 -8.653916295801262E-19 3.170483295691392E-19 0.04636823944677337 0.05249134444171216 0.09898079938971055 1.4449655723916297E-21 7.690180415235746E-22 1.106986034068962E-21 0.0011050136032222677 0.0033790219680035474 0.004548604736299306
 0.180000000 3.908426907968717E-19 -2.0898583706453937E-19 2.020088714990827E-19 3.6288715774004037E-20 -3.011128613263655E-19 -2.3271591799078028E-19 -3.879704504748606E-21 0.0011845609779355167 0.0011037295485011086 0.14560207372395265 0.14972893805675228 0.29548451926924996 0.039297833501171595 0.04368399882642543 0.08307313943656229 0.009625499466265303 0.0346655711170845 0.04443960871657266 0.026732741855433974 0.027029597778212074 0.0538204310696601 -9.12320231029377E-19 0.0026396229784838984 7.294287239571588E-21 5.653321322692998E-19 0.01540774194068933 0.013236992587218863 0.008352978873348975 0.014998555632992279 0.023405593999524486 1.8084983341837088E-18 -4.330040034619195E-19 3.817542155608101E-18 0.047182810362072135 0.05458273259941428 0.10192742679389467 6.503967254958109E-22 2.0022686951552145E-21 1.3263211645482369E-21 9.391984329951252E-4 0.0035096385508843904 0.004529456022409999
 0.190000000 -2.317698310755443E-19 -1.490841199557705E-19 2.9978574808791153E-19 2.323290650215469E-19 2.561077592018626E-19 -2.5629343496120127E-19 -4.489959106985845E-21 0.0012727719874154491 0.001182905014109859 0.15201940466850625 0.15691995797282812 0.309133906978284 0.039724231739685346 0.044696781327565493 0.08453264648131402 0.007879680200241082 0.03575526984361687 0.043834207091980965 0.027805799591118358 0.02817945141710379 0.05605378870903799 1.2061167706313825E-19 0.005072212043028143 7.564072823651045E-4 -1.0525077404327116E-18 0.01412637653717156 0.008896730678812465 0.007760821914991018 0.015127967933243466 0.022953057527222258 7.286962754586253E-19 2.6967228420842157E-19 -3.0454571367694734E-19 0.04643098402119381 0.05523167969711414 0.10186773855566161 -2.132274145847917E-22 -2.1318123147571984E-22 -1.5650993833363667E-21 6.61627055682592E-4 0.0035368972475923327 0.004297579731608948
 0.200000000 1.8146824306939726E-19 8.155941276272042E-5 8.460339666279796E-20 5.7984950515644785E-19 -1.3104284248974966E-19 3.8345593742313696E-19 7.28611443189721E-22 0.0013561878050435535 0.0012569089651262978 0.15615533668830056 0.1618828701054917 0.31827422013691037 0.03902619744082299 0.04459957226422637 0.08375870883598201 0.005260324313540373 0.035975258478934236 0.041485878913265994 0.02841693192215027 0.028874389902925093 0.05737141524845122 -5.790337276956702E-20 0.0084155053481955 0.003321869830195317 -1.6115153398093594E-18 0.011800790014539559 0.0024880519198835923 0.006677525159211503 0.014765470929182144 0.02151858964141551 5.993689988029822E-20 4.0827807673061804E-4 2.8435214932103533E-4 0.043916416004067094 0.05419404104633176 0.09835935036731745 5.057050438513384E-22 -1.7025403142995058E-22 -1.7027712298446433E-22 2.5862589369162527E-4 0.003445620088015198 0.003822684709940373
 0.210000000 7.960759055001849E-5 7.360239342304791E-4 6.58024895024662E-4 1.6267853013578098E-19 5.127933796409732E-20 -2.6692803803228415E-19 5.409169167483325E-21 0.0014381056944252164 0.0013270479227712978 0.15774230858790078 0.1643239151683017 0.32234160427333536 0.037086144910368685 0.04325580295097902 0.08049491210835893 0.0016999727424817641 0.03521133733555612 0.0372103021597867 0.02851229916671593 0.029056501816393722 0.05765942745413286 1.9903871308420273E-4 0.012706148154029756 0.007855803523211241 1.1568333981085722E-18 0.008348643029022515 -1.7342511246406735E-18 0.0050518867640238566 0.01385363997920037 0.018991434643556796 0.0022503273723101535 0.003796356686535387 0.005979409250337037 0.03950027492126904 0.05125381228973077 0.09104486133895207 -1.3962539336685313E-21 -2.072189916639875E-21 -2.7481720827201944E-21 2.256091555491764E-19 0.0032239723959551036 0.003080260183946547
 0.220000000 7.708390026951919E-4 0.002066355596371456 0.0026928728583915564 3.8620034320333467E-20 -2.4352827894197325E-20 2.8440061228243856E-19 1.1894540210988027E-21 0.0015232577248448036 0.001395285318165852 0.15660204710923073 0.1640278556997377 0.3209395944491932 0.03382838879217756 0.040564959902833896 0.07456236751790833 6.119119897248907E-19 0.03337813084984871 0.030883747197616072 0.0280555506245359 0.028683344647696334 0.05683646565497378 0.001449229992516416 0.017940170709264836 0.014448028465077827 -1.5339667663899467E-18 0.003731248101310284 2.2304284231727167E-18 0.00284836741513111 0.012352119886792048 0.015293132229566579 0.008072433173933668 0.010712962054440946 0.018768699581295095 0.03311986479383494 0.04624585352256691 0.07969345911497039 -1.1162688344200732E-21 2.355800386577354E-22 -4.403790352128672E-22 -8.688117421647403E-20 0.0028645431250749823 0.0020539573656839583
 0.230000000 0.0021722589881826597 0.004070240089898339 0.0061054488257706535 -6.819929631404007E-20 3.9169800370760246E-20 4.1394768310650873E-20 -9.166965202129895E-21 0.001616543778362485 0.0014632746818546369 0.15267031713337406 0.16088599673349216 0.31389289255037844 0.02923279607001402 0.03647899312473106 0.06589074177860733 4.359251071320349E-19 0.030434414342580735 0.022467471797699874 0.027032512926370416 0.027733332231379696 0.05486471502144515 0.003871763346696787 0.024068647082691814 0.023096732102379558 7.510581461913367E-19 4.509763311045057E-19 -1.2063257619259851E-18 5.3493671943774355E-5 0.010245019555384607 0.010392260446475328 0.0175252141907173 0.021133344184106336 0.03868385159057158 0.024805114155281957 0.039082627912545506 0.06424518429716189 5.561059201770173E-7 5.561059201770175E-7 5.561059201770174E-7 -1.3974455506604234E-19 0.002365329315616996 7.385084421331768E-4
 0.240000000 0.004251605302898964 0.006709305239587325 0.010824446987155286 -1.3554424715039894E-21 3.2747929753850146E-5 2.5094801269901728E-5 -4.6596701383192166E-21 0.0017212105519254048 0.001531510142475513 0.1460180396705033 0.15492629083388262 0.30129894623264225 0.023347712486587607 0.03101965857598648 0.05454934666470065 2.5449559066535275E-19 0.026394722451134067 0.012031762624826489 0.02545572084872523 0.02621188934643595 0.05176148932476443 0.007455567010928587 0.030993013566773454 0.033690343267800384 -2.9713443678637892E-18 2.5988790551253065E-18 4.299239662317017E-18 -2.3177488757547573E-19 0.007546955060117556 0.0043196999403083665 0.030479867280898475 0.034853641182875 0.06539033241385134 0.014687444341202413 0.029787219551126218 0.04485339981295616 6.271509051686839E-6 6.271509051686838E-6 6.27150905168684E-6 3.2821396914848885E-19 0.0017305433917382581 -2.5519468233493596E-19
 0.250000000 0.00693721176530794 0.009908091767531092 0.01670436394065653 1.597719996004777E-4 2.6719395307813707E-4 4.127470084213287E-4 -4.851800219702597E-21 0.001837857400387065 0.0015985873262966664 0.13688406979189766 0.14634175385184703 0.28359148917027327 0.016295499638806044 0.024285016483306412 0.04076020595363648 -1.1507955325703068E-18 0.021332459796307015 1.3104102094368663E-19 0.023369553889320337 0.02415607869370651 0.04760990505457772 0.012126424272608393 0.03856966553615942 0.04601247137219581 1.5410384887260645E-18 -1.0057984296741466E-18 -2.3124447781854638E-18 -3.157316970195328E-20 0.004304549107522923 -1.4256009183593438E-18 0.04661559978954578 0.0514791387952068 0.09817476778944453 0.003001401418629093 0.01849612001681304 0.021890621003236785 1.6477635424952742E-5 1.6477635424952745E-5 1.6477635424952745E-5 -1.7203119393409088E-20 9.6934413461265E-4 1.0619417567920022E-19
 0.260000000 0.010118925353138679 0.013554563927608301 0.023526534404357834 5.151913089980762E-4 6.925352264855477E-4 0.0011855156459199625 3.5865143373753587E-20 0.0019640835264223585 0.0016616672964162654 0.12567497793495014 0.13550320093709237 0.2615519953906891 0.00827989333753094 0.016462624605113742 0.024918211693834052 3.7521034449614844E-19 0.0153890868850727 7.284062637706723E-18 0.020852478661159562 0.021639337749300186 0.042565273584195665 0.017738128862467173 0.046610197856201484 0.05973358517370296 -3.724985756657791E-19 1.6842986501747136E-18 -6.0119473999862826E-18 -9.408845417783732E-19 6.018722979072977E-4 1.5377612028783176E-19 0.06540450752301336 0.0704312088159161 0.13593507934599477 -1.8455194919240215E-18 0.005485701666094506 -4.2177670591412036E-19 2.780946751783555E-5 2.780946751783555E-5 2.7809467517835542E-5 1.0399658915305639E-19 9.79810262794032E-5 -3.185912554840126E-19
 0.270000000 0.013657577197455703 0.017508831680163317 0.031015547414433454 0.0010138049580762374 0.001255222727062039 0.0022410795773329874 -2.0261806271505697E-20 0.002094239297672547 0.001717948405948503 0.11294807674513271 0.12296267267604347 0.23629293006412835 3.3011924988838862E-19 0.007825029445088267 0.007569109512256088 1.4411550116088714E-18 0.008765878796544491 -7.149305337971452E-19 0.018014296574014675 0.018771893588086067 0.03685133378536109 0.02408097977730285 0.05490796628182175 0.0744397043003165 4.8860108104271465E-19 -1.0675908941746585E-18 2.1116051900529993E-18 7.637851476217869E-19 -3.4126891545946037E-19 -2.3088239726800323E-19 0.08613126987698835 0.09100579165535182 0.17725469105916644 -4.161993041650351E-19 -3.699919500350653E-18 2.2463030831727682E-18 3.651430098380948E-5 3.651430098380948E-5 3.6514300983809466E-5 -3.892745276062915E-19 -2.506195319623208E-19 2.33930157187938E-19
 0.280000000 0.017394564697728595 0.021613217785661082 0.038856941692402766 0.001593821179545909 0.0018940245664197772 0.0034581875079194194 1.9617536319459474E-20 0.002225809830249003 0.001767070304521159 0.09938983166865153 0.10941293257202497 0.2091954506493857 -2.234786983199515E-18 -7.239332242283657E-19 -1.295479065679726E-18 1.381084353083314E-19 0.0017116873790827846 -8.10685952770209E-18 0.014994976977131086 0.01569518568876253 0.030751245665421974 0.030913022951984476 0.06322727151415364 0.08965555041503431 -1.945423241157553E-18 2.216745316666414E-18 3.71037785483548E-18 -1.738055271629992E-19 -2.191740090085319E-18 -2.8324898538299856E-19 0.10795887293831048 0.11238777029309242 0.2204836037446467 2.913026369263211E-18 -1.910905441769135E-19 5.641795841696496E-19 4.0852198920384757E-5 4.0852198920384757E-5 4.085219892038474E-5 1.273959814672931E-19 -2.0223276519674842E-19 -5.860425184396449E-20
 0.290000000 0.021159839726485403 0.025699413538278957 0.04670814993253455 0.002189715704593504 0.002541954509477221 0.0047011130896018865 2.1953654048729303E-21 0.0023597441859084306 0.0018115571735725455 0.08581098582359702 0.09565460624310479 0.18185570999090903 2.566376175788337E-18 -2.108061636410259E-18 -3.7107481334518666E-19 4.341474571752161E-18 1.097711421289005E-18 4.349948165084039E-18 0.011960111568974342 0.012575198377429342 0.024594990252810763 0.03798370600576477 0.07134052965277034 0.10486202959463292 -9.272489762225526E-19 -1.3226493312809428E-18 5.641985376997337E-19 3.222073424338084E-19 4.287203358311223E-19 -4.0378056091771096E-18 0.12998883555358032 0.13366900963868836 0.2637937485524274 5.293486810037045E-18 -2.1603316566795544E-18 1.1603215080131087E-18 4.177273611836847E-5 4.1772736118368476E-5 4.177273611836846E-5 -6.398974656635785E-20 -4.373035687801352E-19 7.3578090361909755E-19
 0.300000000 0.024769117184125066 0.029585521162074167 0.05420093747338959 0.002730872855213891 0.0031297503233638866 0.005827678982252396 -4.543371318369058E-23 0.0024998457438319857 0.001855772341472686 0.07307763391164064 0.08255099663582044 0.15600412778344422 -8.550030965851714E-21 6.579287427246655E-18 -6.386064206422255E-19 1.8853532341347624E-18 -2.543973862208865E-18 1.4580147798009301E-18 0.009091964083471753 0.009593877982725624 0.01874406559905662 0.04500466443544843 0.07895949870558847 0.11948999941347685 -1.814174313215737E-19 1.5901583641648228E-19 1.7184098722573907E-20 -1.6613080547477013E-19 6.236996267957078E-19 2.2391799349995463E-18 0.15123108384000641 0.15384949915773535 0.30519782823395436 -4.640587816996226E-18 -4.913657625468251E-18 -7.164003220907184E-18 4.218093438615172E-5 4.2180934386151724E-5 4.218093438615172E-5 -2.367248491211926E-19 -3.376999674616686E-19 -5.748240207175812E-19
 0.310000000 0.028025082523026584 0.03307172935438088 0.0609461078956213 0.0031336790042907356 0.0035821534792692994 0.006685217297703305 -1.2658039788848121E-20 0.0026501277952406654 0.0019043007821171842 0.0620264953853372 0.07099225843295262 0.1334568640622831 -5.400612830547623E-19 3.082223823474566E-18 8.421077711794209E-19 8.1842295838784865E-19 -9.098677845742164E-19 -6.353111415752446E-18 0.0065750524267903085 0.006940495106533977 0.013578287471883301 0.05165573087338773 0.08571229189427094 0.13294432806391362 -2.691580859669137E-18 -2.653095817053783E-18 -1.6706629750831978E-18 8.765444463071772E-19 -1.3102599842590883E-18 6.783881347945723E-19 0.170527884706085 0.17184824717611755 0.34260567641289014 2.1228563815453384E-18 -3.0057617180956404E-18 2.2486735378052545E-18 4.486682632195167E-5 4.486682632195167E-5 4.486682632195166E-5 -2.2157262266637083E-20 4.464349232175717E-20 -1.243310064646861E-19
 0.320000000 0.03072371498690378 0.035960435348678356 0.0665344676819198 0.003329633334517853 0.0038235736463082697 0.00712296714995872 7.629445937811897E-21 0.002810113998554085 0.00195859169724266 0.05362713619884831 0.0618783426972384 0.11600599056487224 6.842282924305398E-19 -3.379483755974963E-19 1.112444596469253E-18 8.364147998669542E-19 -2.2214282923094276E-19 -2.1330351855431905E-19 0.004603634905809504 0.004803410553763397 0.009472143303869557 0.057618562806531395 0.09134235398472798 0.14458935852331095 -2.890442189786252E-18 -2.879031968846466E-18 -1.0882379037519174E-18 3.2575486166240855E-19 1.5493297715130229E-18 1.3818635900416948E-18 0.1869184868410203 0.18657898250144112 0.37384025060886455 -1.209740120164417E-18 -1.843205591346541E-18 2.20676977223179E-18 4.98239888042039E-5 4.9823988804203895E-5 4.982398880420388E-5 7.219902604742867E-20 3.6516829735161916E-19 -6.629192952342197E-19
 0.330000000 0.0326518556177128 0.038044428177462425 0.07054347101144179 0.003245837200093334 0.0037734897520885617 0.006985901031134747 3.530926375056785E-20 0.0029734707398512313 0.002014550922693018 0.04880483298170282 0.056066209782220836 0.1053593124689207 -8.18783141102034E-19 -1.9623227783205514E-19 -1.786993777533911E-18 5.251509549411628E-19 2.225119815279796E-18 7.705191182460396E-19 0.0033569529144722786 0.0033565873985004317 0.006775902598633439 0.06256296166228772 0.09558824637019803 0.1537775536535526 -2.1092034506030382E-19 1.2331142928857585E-18 -5.921629355315987E-18 -1.0695983648218688E-18 -5.862836046354216E-19 -2.4371859046590448E-19 0.19943226131456873 0.19694433908097328 0.39670443971069846 9.119209344215886E-19 3.895152691478211E-20 -4.4646162365178335E-18 5.165429667071049E-5 5.165429667071048E-5 5.165429667071046E-5 -2.0424878764594655E-19 -5.723493377926031E-20 1.4930895068734354E-19
 0.340000000 0.0335895130588753 0.03909810477527669 0.07254673399420153 0.002794473736817742 0.0033525732028262256 0.0061254282954409725 -2.9907847096443286E-20 0.003130379211716019 0.0020615345276931312 0.04822887356128426 0.05429652516372648 0.10301726753487779 4.2391631790913395E-19 4.559361975418611E-19 1.2298672899003398E-19 4.156356827693336E-19 1.045212444320988E-18 3.4218289202281236E-19 0.0029727085604079667 0.002745190996466216 0.005792416881257373 0.0661526565486459 0.09806160544283014 0.15985602296462623 5.624427525582174E-19 -1.7829504283822186E-19 -2.433783047357257E-18 1.3960643788152547E-19 -3.2677122293192635E-19 -9.563725658472179E-19 0.2068718536080047 0.20184328825915704 0.40904426019007706 7.726353415923607E-20 -2.5580987166787216E-18 2.902770084463763E-19 3.864206786327521E-5 3.86420678632752E-5 3.864206786327519E-5 5.570735916266452E-20 -8.919196900270786E-20 2.7665458479687237E-19
 0.350000000 0.033322804084591595 0.038907825016527384 0.07213281677469557 0.0019015219853744218 0.002487176075303255 0.004409978158048571 3.1898374391210016E-20 0.003264668199545672 0.0020840594252976036 0.052494262417953144 0.05717388006758468 0.11019537148621705 1.0903426701416237E-4 -4.497919129688418E-20 -1.1992737975261225E-19 1.7739044783822416E-19 2.3637281669073957E-19 -4.577703263550262E-19 0.003561165292593826 0.003081634765234525 0.0067604815772390895 0.06805429656939266 0.09844894296248896 0.1621935214938892 -1.7095975734913029E-18 -1.7364218925071217E-20 -9.524847827524791E-19 3.036912227137981E-19 -1.8790618406739331E-19 3.0786714486977333E-19 0.2082201778663866 0.2002548304864364 0.40883745992981424 3.059415364152057E-4 -9.045577331027423E-19 -4.3697271153818E-19 -1.3536499664454055E-22 -1.3536499664454065E-22 5.405715198676198E-22 6.336114376114501E-20 -2.483993027124039E-20 3.2133998407624747E-20
 0.360000000 0.03166186166791484 0.0372839898148668 0.06893766892403391 5.098477363456492E-4 0.0011205500842722993 0.0017411130240869686 -6.741608338235608E-21 0.0033597457219549567 0.0020667702402988237 0.0619945411142241 0.06511499610762682 0.12771908165703671 0.002309253678053317 0.001473068871273203 0.0037620627729482723 6.510548720063018E-4 5.138276386944343E-4 0.0012475399638279773 0.0051911142921463515 0.004438679801068604 0.009837127013963427 0.06795935146897748 0.09647743635127254 0.16022329476492833 -2.8949768182555355E-19 3.692708712743497E-4 1.863855008294301E-19 1.8440155901732706E-4 3.902480361490392E-4 5.722281018131889E-4 0.20258283894647539 0.1913079750850426 0.39433367521863044 0.004078136353836197 3.9284515281876335E-4 0.0036322337299286005 -7.823657759635092E-21 1.380630969878346E-20 2.9913201966859062E-21 -7.01875419488102E-21 2.589052055503464E-5 4.726953180651746E-5
 0.370000000 0.028465192129505275 0.03408646749361164 0.06268707177111073 8.881542525370917E-19 -2.478495712306911E-19 1.4594391296972442E-18 -6.791415819608094E-20 0.0034050471326155995 0.0020018915685772287 0.0768897052173256 0.07832057046813455 0.15595616735980602 0.007220542300037207 0.005633487847239525 0.012976587208809797 0.0034998725738587333 0.0030776177559988477 0.006796908643690951 0.007889813900011798 0.006850282872566921 0.015091053220722376 0.06561275455077491 0.091968394545252 0.15351794525747064 5.1321252336507E-4 0.003065511339536208 0.0031802021628066566 0.0014415222832054307 0.0019150092234333715 0.0034987761030820753 0.18927623713062 0.17438517691437175 0.36423862134047247 0.012208737169267235 0.004345064231461216 0.015857431560026385 1.727599124652706E-20 2.809096608091066E-20 3.8905894732189406E-20 1.403453939550809E-4 2.551425416939159E-4 5.599593941660898E-4
 0.380000000 0.023670422530242933 0.029255350255094185 0.05325122386707334 -8.010734817205515E-19 -3.1766760078962917E-19 4.866383082350649E-20 4.218398513606439E-20 0.0034033971550141077 0.001896355161259131 0.09707157843941278 0.09673840754765733 0.194738702804416 0.014810370154754436 0.012480522402709616 0.027602787494744038 0.008539087543728919 0.007721410689038288 0.016663242078606214 0.01164080584322077 0.010309308019623957 0.022491143716221212 0.06085903592289569 0.08487469652120873 0.1418673552808489 0.0036447521591927014 0.008422233775796026 0.011858090630916121 0.003867811644104021 0.004559761725402339 0.008760933045300187 0.16794551515772546 0.14924349135901657 0.3179469351076854 0.024678118710965265 0.012606773402104246 0.036777557192298686 -3.322791260476597E-20 -3.3227543139928194E-20 -5.485740027109078E-20 5.524586482822117E-4 7.25741442853862E-4 0.0016322396530878784
 0.390000000 0.017322087666586307 0.022839274152680143 0.04069823203322804 4.967435117882019E-19 -8.675710091268195E-19 -4.828785987339277E-19 3.539832140613565E-21 0.003374079500216521 0.001774500374574261 0.12214594806242976 0.12004850816248995 0.24332729911191234 0.024903431914352143 0.02187254860674478 0.04729865555946706 0.0156477182815255 0.0143653243179945 0.03062045695015359 0.016382421488375376 0.014766236318867636 0.03190117650015552 0.053704786695621676 0.07531955337913694 0.125375887981811 0.009556805618921098 0.016359760456181437 0.025918728128357136 0.007396506113282915 0.008257020944725477 0.016199425621723728 0.13868731402706036 0.11614531816233029 0.2557923577311968 0.04121537721855764 0.025076877671066634 0.0659954352771188 2.1715296151472742E-21 2.172083812411909E-21 -1.9458789622419747E-20 0.001241440164948679 0.0014436225418977488 0.0032500678040180463
 0.400000000 0.009586256332842826 0.015013985727184048 0.025333392552449895 -1.256352876901176E-19 -6.590059872845632E-19 6.466322157472423E-19 -3.1585639723926574E-20 0.0033491599097774695 0.0016730971764098903 0.15141222321685643 0.1476299655279699 0.30036820022351973 0.03717865280520381 0.033518139394849246 0.07141578189148108 0.024575356970826634 0.022814137196735515 0.04819257988375779 0.02200385343872303 0.020121575284054585 0.04307320186616047 0.04431761101188008 0.06360937336370528 0.10449510724860962 0.018054052017741323 0.026638504794315492 0.04489355523781803 0.011903108611639786 0.012889724044486822 0.02553500367611981 0.10215461298520363 0.07593313508432104 0.17924141900643895 0.06129021443651633 0.04138730614514623 0.10258092092775513 -9.798577387568282E-21 -2.0614660982495483E-20 -3.142852778830003E-20 0.0022048118073507883 0.00241164044065718 0.005377588930853875
 0.410000000 7.591175908577312E-4 0.006084894658581715 0.0077224244723776226 -1.0615423119733546E-18 1.0095367139484891E-18 -2.1929977906512764E-19 -1.9668956725051774E-20 0.0033561930387950994 0.0016269997849174033 0.18386929430059465 0.17855546137928527 0.3638983435883153 0.05115229815719841 0.04696856856530308 0.09898589454969405 0.03493847579969604 0.03273769132133856 0.06863160291501454 0.02832993743381613 0.02621273690443766 0.05563326549904251 0.03304967518394542 0.05026935373283008 0.08007019367797115 0.02875589431699357 0.03878071452422983 0.06788904472903154 0.017201949361321016 0.01827256689528485 0.03636045877364754 0.05968428763417651 0.030107738071363778 0.09109824688104395 0.08406153536574633 0.06090289842161752 0.1450229050288083 -3.476110182820877E-21 -2.5106430707160407E-20 -3.476664380118457E-21 0.0034254372605832134 0.003609912635103967 0.007941968973462698
 0.420000000 3.198181309634339E-18 -2.352402323391011E-18 -2.8905898730015607E-19 9.78138254311216E-19 -4.71071857842822E-19 -1.0265676027299796E-18 -1.1018609789032026E-20 0.0034101713294566434 0.00165315802314351 0.2182166760798451 0.21160748815787972 0.43137491798521616 0.06618978116555094 0.061611648462755214 0.12874117356404194 0.04622019469365002 0.043666908102985236 0.09092457327386587 0.03511449755816832 0.03280536501138457 0.06908170875342166 0.020466588479904048 0.03599965397769125 0.05333148777619056 0.04103092274546258 0.05212007803885244 0.09358402103626828 0.023031868926047777 0.024154520941899685 0.04814449134067519 0.013338010660267534 1.2011559282383405E-17 -3.457212023776487E-18 0.10842942278569186 0.08267233375510345 0.19124457302000916 3.234664950648438E-22 -1.5898719987443285E-20 -1.5898904719879073E-20 0.00484854624665141 0.004992333374009167 0.01082168387219291
 0.430000000 -9.846024798652002E-19 -1.038212742657386E-18 -7.639364355871634E-18 2.0337043566281313E-19 8.030097332735107E-19 -2.4574846946304574E-18 3.436197731994976E-21 0.003494569415378434 0.0017350531950340935 0.25299938178389075 0.245353463708373 0.49991388226436767 0.08155625236743375 0.07671494340155662 0.15922515850444396 0.05781107728616557 0.055023742161457105 0.11388489580305688 0.042051201736979106 0.03959552261987873 0.08282199785473868 0.007272299867301588 0.02158176269323175 0.025751109626567112 0.05406493282484823 0.06584173064175373 0.12035592652925667 0.02907420444172529 0.030226045676069187 0.060272818773605165 -3.2260766811439422E-18 -1.8748290562191356E-17 4.007277207352152E-18 0.13314788162763114 0.10549767665966814 0.2388058138696648 -2.710590586721006E-21 -2.034631509968249E-21 -2.0346661473000952E-21 0.006381395535625752 0.0064689017348735145 0.013845132448352426
 0.440000000 4.662201579348842E-19 9.775027338159789E-19 -3.096316700590456E-18 -7.888015964446961E-19 -1.7264586884375354E-18 -3.685192750203744E-18 1.0630869741225707E-5 0.003563612674896225 0.0018270639873944523 0.28674145361545617 0.2783353848872662 0.5666264912770332 0.09648785553379216 0.09151603285563399 0.18895553760359948 0.06906464623983867 0.06618295235964494 0.13628686425864317 0.048807718017563465 0.046252800479066936 0.09623471482897768 -1.6649207417733873E-18 0.007771717250445149 2.7843394813096236E-19 0.06697722322986813 0.07906906276003864 0.14649219460812174 0.034986519247938754 0.0361496614767296 0.07210884381292999 -9.349667763678844E-18 1.0946551716110147E-17 1.221201547792637E-17 0.15692457569689974 0.12811610876207596 0.2851970098999778 2.012036423936503E-21 6.601644534667769E-22 -1.574844021352065E-23 0.00790056180942484 0.007918076962079638 0.0168111660013003
 0.450000000 1.0048668166640638E-18 9.274391800736545E-20 -3.874629022146045E-18 -9.720140811796777E-20 -3.272323514691822E-19 -3.6079784811719626E-18 1.2098787056922162E-5 0.003568355978399702 0.0018789092701440799 0.31792246449383643 0.30910028513952015 0.6285939508881895 0.11020999772547095 0.10525085326239517 0.21644352698053163 0.07932430731815733 0.07652063065473676 0.15690640122403102 0.05504058196428736 0.05244074292963048 0.10868787671889807 7.772001159294917E-19 3.245927127572658E-18 3.709207206974758E-18 0.07887982339157551 0.09094239280046586 0.17029786343145878 0.040420155806342534 0.04158711711930885 0.0830134834281005 -4.8858610382442225E-18 -9.749264540033313E-18 -6.494648048620065E-18 0.17844980579614161 0.14928178679424356 0.32791714702792546 -4.8900523127901954E-21 -4.890237045226174E-21 -4.890237045226174E-21 0.009272115869954904 0.009218652298662906 0.01951429240863685
 0.460000000 9.452977203179837E-19 2.0133631298615395E-19 6.012517028325407E-18 1.0659168302142432E-18 2.0492513366492994E-19 9.526638249325166E-19 1.0475775463539965E-20 0.0034668552882120706 0.0018500510211622817 0.3450371715885306 0.3361829620431371 0.6828851265046298 0.12194628960939298 0.11716407558330444 0.2401956295543077 0.08794948639304194 0.08542606021257701 0.17453175860161974 0.060409679644285154 0.057827273935640314 0.11954714479339727 1.504023913070875E-18 2.423895235130099E-19 2.374919968319817E-18 0.08894878164428707 0.10061143096926074 0.19013754877557354 0.04503535770032372 0.0461982828103746 0.09234466559338934 6.330929779306742E-18 3.881527604566688E-18 -1.8294720520633003E-19 0.1964178291310296 0.16780106823373225 0.3645059534779223 1.2344560055667014E-20 1.2346776844854566E-20 1.2344560055667038E-20 0.010376681116182786 0.010253617172814485 0.02175634224164619
 0.470000000 2.0951181550887562E-19 -1.987471375491676E-19 -5.955214138322996E-19 -9.21246623064802E-19 -2.7086101938791936E-19 3.329044049314693E-19 3.616606671565345E-20 0.0032420862657832725 0.0017225371502850744 0.36658965716301856 0.35812512459689333 0.7265607237517028 0.13093239386265465 0.1265116331240407 0.2587185284912593 0.09432791680128602 0.09231619003589446 0.18798240203695601 0.06458723138939138 0.06209148972546424 0.1281790380336527 2.4470980592853483E-19 -7.6140289464033755E-19 1.9707481118233736E-18 0.09642424591649651 0.10731318626712677 0.20450332407904379 0.04850444334235354 0.049655664970310126 0.09946241610047526 1.071101349200967E-17 -6.447972295425399E-18 -2.6234992027185808E-17 0.2095913639477141 0.18251992313405646 0.39258689261349733 4.453972558676982E-20 6.617706457130517E-20 6.617410885257317E-20 0.011115166548442232 0.01092819089127273 0.023358568656201343
 0.480000000 -1.9670179227313029E-19 -6.298300879407026E-19 1.6461819621572795E-18 -9.016914436537903E-19 1.4399493045419381E-18 2.410417429306245E-19 -8.432639114976986E-21 0.002911586634161528 0.001513284828372859 0.3811121189267065 0.3734997641272818 0.7567133829997519 0.13642713883096944 0.13257405676811523 0.27053428908653043 0.09788709941564212 0.09664442082842596 0.19612787475561463 0.06726916697468943 0.06493695041362775 0.1339639525914865 -1.2934042453142772E-18 -6.789977637898715E-19 1.6191605173906405E-19 0.10064409930152782 0.1103921483951629 0.21206317448919673 0.05052140701495678 0.05165255622059976 0.10373478250147421 2.0995840060599633E-18 -9.249402754604249E-18 1.007691173586436E-17 0.21681586211945794 0.19235911983631498 0.40991303671865603 -5.212704866648E-20 -8.86419930544275E-21 -3.0497101845137365E-20 0.011419361995046975 0.011179805188021292 0.024172761515284302
 0.490000000 1.5472201055730275E-19 4.0821165533798294E-20 2.4378430151592914E-20 -1.5142669937732518E-19 2.2646616097124587E-19 -3.3429930581211575E-19 -1.8047559067613547E-20 0.002537937672235134 0.0012851554975075656 0.3871962323981958 0.38091483883310795 0.7705231899480164 0.13773714272927806 0.13468241439984885 0.27421586420876154 0.09812497170178516 0.09791803950808256 0.19792168682044214 0.0681905926733043 0.06610346246612975 0.13631724816016372 -1.4853859837859317E-19 3.0006121903365375E-4 5.424007348833718E-20 0.10110875410764052 0.10932082597938679 0.21172624173892343 0.05081903852035744 0.05191050149256619 0.10455405857724227 -1.2728551611773943E-18 -2.4962576130346716E-19 1.0893923805742676E-18 0.21704512681503865 0.19635461079987845 0.4144371465378427 1.0392303401581283E-20 5.366992183332914E-20 3.2028156899778464E-20 0.01126822431373484 0.01098486410774046 0.02409429906198995
 0.500000000 6.182213334529117E-4 7.709714167608916E-4 0.001489450135850472 4.104882074829259E-20 -5.535443209670817E-20 -5.946827644176971E-20 2.1498313867881555E-5 0.0022447007371090787 0.001150340697351425 0.3835966584727689 0.3792031150643038 0.7653597949647484 0.13426147694159676 0.1322380659355018 0.2684453005467699 0.09466448378982367 0.09575660155956038 0.19245076699033511 0.06714720282526798 0.06539198257547314 0.13471007730615245 7.178893795585054E-4 0.004217944644213433 0.004546989650801132 0.09742610367519555 0.10383632764676522 0.20271198885611055 0.04917304090819641 0.05021644905457246 0.1013626508439607 0.0030769662791077096 0.006512224791860639 0.00950232905083014 0.20953607695469403 0.19370899932665583 0.40443712103429297 -2.206738170734383E-20 -5.453297515415672E-20 -5.449750655248941E-20 0.01068509805653566 0.010395280747517058 0.023070735769868
