0.0 5.0 1.0
Linear 33 explicit
 0.000000000 0.04859999999999997 3.7947076036992655E-18 0.18820000000000003 0.24179999999999996 3.7947076036992655E-18 0.18820000000000003 0.23719999999999997 3.7947076036992655E-18 0.15040000000000003 0.08139999999999997 -0.048799999999999996 0.19320000000000004 0.08659999999999997 -0.048799999999999996 0.15540000000000004 0.18859999999999996 -0.069 0.19530000000000003 0.18859999999999996 -0.0646 0.14870000000000003 0.08139999999999997 0.04880000000000001 0.19320000000000004 0.08659999999999997 0.04880000000000001 0.15540000000000004 0.18859999999999996 0.069 0.19530000000000003 0.18859999999999996 0.0646 0.14870000000000003
 0.010000000 0.0486 0.0 0.18819999999999998 0.2418 0.0 0.18819999999999998 0.2372 0.0 0.1504 0.0814 -0.0488 0.1932 0.0866 -0.0488 0.1554 0.1886 -0.069 0.1953 0.1886 -0.0646 0.1487 0.0814 0.0488 0.1932 0.0866 0.0488 0.1554 0.1886 0.069 0.1953 0.1886 0.0646 0.1487
 0.020000000 0.0486 0.0 0.1882 0.24179999999999996 0.0 0.1882 0.2372 0.0 0.1504 0.08139999999999999 -0.0488 0.1932 0.08659999999999998 -0.0488 0.1554 0.1886 -0.069 0.1953 0.1886 -0.0646 0.1487 0.08139999999999999 0.0488 0.1932 0.08659999999999998 0.0488 0.1554 0.1886 0.069 0.1953 0.1886 0.0646 0.1487
 0.030000000 0.0486 0.0 0.18819999999999998 0.24179999999999996 0.0 0.18819999999999998 0.23719999999999997 0.0 0.1504 0.0814 -0.0488 0.19319999999999998 0.08659999999999998 -0.0488 0.1554 0.18859999999999996 -0.069 0.1953 0.18859999999999996 -0.0646 0.1487 0.0814 0.0488 0.19319999999999998 0.08659999999999998 0.0488 0.1554 0.18859999999999996 0.069 0.1953 0.18859999999999996 0.0646 0.1487
 0.040000000 0.048600000000000004 0.0 0.18820000000000003 0.2418 0.0 0.18820000000000003 0.2372 0.0 0.15040000000000003 0.08140000000000001 -0.0488 0.1932 0.08660000000000001 -0.0488 0.1554 0.1886 -0.069 0.1953 0.1886 -0.0646 0.1487 0.08140000000000001 0.0488 0.1932 0.08660000000000001 0.0488 0.1554 0.1886 0.069 0.1953 0.1886 0.0646 0.1487
 0.050000000 0.048600000000000004 0.0 0.1882 0.2418 0.0 0.1882 0.2372 0.0 0.1504 0.0814 -0.0488 0.1932 0.0866 -0.0488 0.1554 0.1886 -0.069 0.1953 0.1886 -0.0646 0.1487 0.0814 0.0488 0.1932 0.0866 0.0488 0.1554 0.1886 0.069 0.1953 0.1886 0.0646 0.1487
 0.060000000 0.0486 0.0 0.1882 0.2418 0.0 0.1882 0.2372 0.0 0.1504 0.0814 -0.0488 0.1932 0.0866 -0.0488 0.1554 0.1886 -0.069 0.19529999999999997 0.1886 -0.0646 0.1487 0.0814 0.0488 0.1932 0.0866 0.0488 0.1554 0.1886 0.069 0.19529999999999997 0.1886 0.0646 0.1487
 0.070000000 0.0486 0.0 0.1882 0.2418 0.0 0.1882 0.23719999999999997 0.0 0.1504 0.0814 -0.04880000000000001 0.19319999999999998 0.0866 -0.04880000000000001 0.1554 0.1886 -0.069 0.1953 0.1886 -0.0646 0.1487 0.0814 0.04880000000000001 0.19319999999999998 0.0866 0.04880000000000001 0.1554 0.1886 0.069 0.1953 0.1886 0.0646 0.1487
 0.080000000 0.0486 0.0 0.1882 0.2418 0.0 0.1882 0.23719999999999997 0.0 0.1504 0.0814 -0.0488 0.1932 0.08659999999999998 -0.0488 0.1554 0.1886 -0.069 0.1953 0.1886 -0.0646 0.1487 0.0814 0.0488 0.1932 0.08659999999999998 0.0488 0.1554 0.1886 0.069 0.1953 0.1886 0.0646 0.1487
 0.090000000 0.0486 0.0 0.1882 0.24180000000000001 0.0 0.1882 0.23720000000000002 0.0 0.15040000000000003 0.0814 -0.0488 0.1932 0.08660000000000001 -0.0488 0.1554 0.18860000000000002 -0.069 0.1953 0.18860000000000002 -0.0646 0.1487 0.0814 0.0488 0.1932 0.08660000000000001 0.0488 0.1554 0.18860000000000002 0.069 0.1953 0.18860000000000002 0.0646 0.1487
 0.100000000 0.0486 0.0 0.18820000000000003 0.24180000000000001 0.0 0.18820000000000003 0.23720000000000002 0.0 0.1504 0.0814 -0.04880000000000001 0.19320000000000004 0.0866 -0.04880000000000001 0.1554 0.18860000000000002 -0.069 0.19530000000000003 0.18860000000000002 -0.0646 0.1487 0.0814 0.04880000000000001 0.19320000000000004 0.0866 0.04880000000000001 0.1554 0.18860000000000002 0.069 0.19530000000000003 0.18860000000000002 0.0646 0.1487
 0.110000000 0.0486 0.0 0.1882 0.2418 0.0 0.1882 0.23720000000000002 0.0 0.1504 0.0814 -0.0488 0.19320000000000004 0.0866 -0.0488 0.1554 0.1886 -0.069 0.1953 0.1886 -0.0646 0.1487 0.0814 0.0488 0.19320000000000004 0.0866 0.0488 0.1554 0.1886 0.069 0.1953 0.1886 0.0646 0.1487
 0.120000000 0.0486 0.0 0.18820000000000003 0.2418 0.0 0.18820000000000003 0.2372 0.0 0.1504 0.0814 -0.0488 0.1932 0.0866 -0.0488 0.1554 0.1886 -0.069 0.1953 0.1886 -0.0646 0.1487 0.0814 0.0488 0.1932 0.0866 0.0488 0.1554 0.1886 0.069 0.1953 0.1886 0.0646 0.1487
 0.130000000 0.0486 0.0 0.1882 0.24179999999999996 0.0 0.1882 0.2372 0.0 0.1504 0.0814 -0.04880000000000001 0.1932 0.08660000000000001 -0.04880000000000001 0.1554 0.1886 -0.069 0.19530000000000003 0.1886 -0.0646 0.1487 0.0814 0.04880000000000001 0.1932 0.08660000000000001 0.04880000000000001 0.1554 0.1886 0.069 0.19530000000000003 0.1886 0.0646 0.1487
 0.140000000 0.0486 0.0 0.18819999999999998 0.24179999999999996 0.0 0.18819999999999998 0.2372 0.0 0.1504 0.0814 -0.0488 0.1932 0.0866 -0.0488 0.1554 0.1886 -0.069 0.1953 0.1886 -0.0646 0.1487 0.0814 0.0488 0.1932 0.0866 0.0488 0.1554 0.1886 0.069 0.1953 0.1886 0.0646 0.1487
 0.150000000 0.04859999999999999 0.0 0.18819999999999998 0.2418 0.0 0.18819999999999998 0.2372 0.0 0.1504 0.0814 -0.0488 0.19319999999999998 0.0866 -0.0488 0.1554 0.18859999999999996 -0.069 0.1953 0.18859999999999996 -0.0646 0.1487 0.0814 0.0488 0.19319999999999998 0.0866 0.0488 0.1554 0.18859999999999996 0.069 0.1953 0.18859999999999996 0.0646 0.1487
 0.160000000 0.04859999999999999 0.0 0.18819999999999998 0.2418 0.0 0.18819999999999998 0.2372 0.0 0.15039999999999998 0.0814 -0.048799999999999996 0.19319999999999998 0.08659999999999998 -0.048799999999999996 0.1554 0.18859999999999996 -0.069 0.19529999999999997 0.18859999999999996 -0.0646 0.1487 0.0814 0.048799999999999996 0.19319999999999998 0.08659999999999998 0.048799999999999996 0.1554 0.18859999999999996 0.069 0.19529999999999997 0.18859999999999996 0.0646 0.1487
 0.170000000 0.04859999999999999 0.0 0.18819999999999998 0.2418 0.0 0.18819999999999998 0.23719999999999997 0.0 0.1504 0.0814 -0.0488 0.19319999999999998 0.0866 -0.0488 0.15539999999999998 0.1886 -0.069 0.19529999999999997 0.1886 -0.0646 0.1487 0.0814 0.0488 0.19319999999999998 0.0866 0.0488 0.15539999999999998 0.1886 0.069 0.19529999999999997 0.1886 0.0646 0.1487
 0.180000000 0.0486 0.0 0.1882 0.2418 0.0 0.1882 0.2372 0.0 0.1504 0.0814 -0.0488 0.1932 0.0866 -0.0488 0.1554 0.1886 -0.069 0.1953 0.1886 -0.0646 0.1487 0.0814 0.0488 0.1932 0.0866 0.0488 0.1554 0.1886 0.069 0.1953 0.1886 0.0646 0.1487
 0.190000000 0.0486 0.0 0.1882 0.2418 0.0 0.1882 0.2372 0.0 0.1504 0.0814 -0.0488 0.1932 0.0866 -0.0488 0.1554 0.1886 -0.069 0.1953 0.1886 -0.0646 0.1487 0.0814 0.0488 0.1932 0.0866 0.0488 0.1554 0.1886 0.069 0.1953 0.1886 0.0646 0.1487
 0.200000000 0.0486 0.0 0.1882 0.2418 0.0 0.1882 0.23720000000000002 0.0 0.1504 0.0814 -0.0488 0.1932 0.0866 -0.0488 0.1554 0.1886 -0.069 0.1953 0.1886 -0.0646 0.1487 0.0814 0.0488 0.1932 0.0866 0.0488 0.1554 0.1886 0.069 0.1953 0.1886 0.0646 0.1487
 0.210000000 0.048600000000000004 0.0 0.18820000000000003 0.24180000000000001 0.0 0.18820000000000003 0.2372 0.0 0.15040000000000003 0.0814 -0.04880000000000001 0.19320000000000004 0.0866 -0.04880000000000001 0.15540000000000004 0.1886 -0.069 0.19530000000000003 0.1886 -0.0646 0.1487 0.0814 0.04880000000000001 0.19320000000000004 0.0866 0.04880000000000001 0.15540000000000004 0.1886 0.069 0.19530000000000003 0.1886 0.0646 0.1487
 0.220000000 0.048600000000000004 0.0 0.18820000000000003 0.24180000000000001 0.0 0.18820000000000003 0.23720000000000002 0.0 0.1504 0.0814 -0.04880000000000001 0.1932 0.08660000000000001 -0.04880000000000001 0.15540000000000004 0.1886 -0.069 0.1953 0.1886 -0.0646 0.1487 0.0814 0.04880000000000001 0.1932 0.08660000000000001 0.04880000000000001 0.15540000000000004 0.1886 0.069 0.1953 0.1886 0.0646 0.1487
 0.230000000 0.048600000000000004 0.0 0.18820000000000003 0.2418 0.0 0.18820000000000003 0.23720000000000002 0.0 0.15040000000000003 0.0814 -0.04880000000000001 0.19320000000000004 0.08660000000000001 -0.04880000000000001 0.1554 0.1886 -0.069 0.19530000000000003 0.1886 -0.0646 0.1487 0.0814 0.04880000000000001 0.19320000000000004 0.08660000000000001 0.04880000000000001 0.1554 0.1886 0.069 0.19530000000000003 0.1886 0.0646 0.1487
 0.240000000 0.0486 0.0 0.1882 0.24179999999999996 0.0 0.1882 0.2372 0.0 0.1504 0.0814 -0.0488 0.1932 0.0866 -0.0488 0.1554 0.1886 -0.069 0.1953 0.1886 -0.0646 0.1487 0.0814 0.0488 0.1932 0.0866 0.0488 0.1554 0.1886 0.069 0.1953 0.1886 0.0646 0.1487
 0.250000000 0.0486 0.0 0.1882 0.2418 0.0 0.1882 0.2372 0.0 0.1504 0.0814 -0.0488 0.1932 0.0866 -0.0488 0.1554 0.1886 -0.069 0.1953 0.1886 -0.0646 0.1487 0.0814 0.0488 0.1932 0.0866 0.0488 0.1554 0.1886 0.069 0.1953 0.1886 0.0646 0.1487
 0.260000000 0.0486 0.0 0.1882 0.24179999999999996 0.0 0.1882 0.2372 0.0 0.1504 0.0814 -0.0488 0.1932 0.0866 -0.0488 0.1554 0.1886 -0.069 0.1953 0.1886 -0.0646 0.1487 0.0814 0.0488 0.1932 0.0866 0.0488 0.1554 0.1886 0.069 0.1953 0.1886 0.0646 0.1487
 0.270000000 0.0486 0.0 0.1882 0.24179999999999996 0.0 0.1882 0.2372 0.0 0.1504 0.0814 -0.0488 0.1932 0.0866 -0.0488 0.1554 0.1886 -0.069 0.1953 0.1886 -0.0646 0.1487 0.0814 0.0488 0.1932 0.0866 0.0488 0.1554 0.1886 0.069 0.1953 0.1886 0.0646 0.1487
 0.280000000 0.0486 0.0 0.1882 0.2418 0.0 0.1882 0.2372 0.0 0.1504 0.0814 -0.0488 0.1932 0.0866 -0.0488 0.1554 0.1886 -0.069 0.1953 0.1886 -0.0646 0.1487 0.0814 0.0488 0.1932 0.0866 0.0488 0.1554 0.1886 0.069 0.1953 0.1886 0.0646 0.1487
 0.290000000 0.0486 0.0 0.1882 0.2418 0.0 0.1882 0.23719999999999997 0.0 0.1504 0.0814 -0.0488 0.1932 0.0866 -0.0488 0.1554 0.1886 -0.069 0.1953 0.1886 -0.0646 0.1487 0.0814 0.0488 0.1932 0.0866 0.0488 0.1554 0.1886 0.069 0.1953 0.1886 0.0646 0.1487
 0.300000000 0.0486 0.0 0.1882 0.2418 0.0 0.1882 0.23720000000000002 0.0 0.1504 0.0814 -0.0488 0.1932 0.0866 -0.0488 0.1554 0.1886 -0.069 0.1953 0.1886 -0.0646 0.1487 0.0814 0.0488 0.1932 0.0866 0.0488 0.1554 0.1886 0.069 0.1953 0.1886 0.0646 0.1487
 0.310000000 0.0486 0.0 0.1882 0.2418 0.0 0.1882 0.2372 0.0 0.1504 0.0814 -0.0488 0.1932 0.0866 -0.0488 0.1554 0.1886 -0.069 0.1953 0.1886 -0.0646 0.1487 0.0814 0.0488 0.1932 0.0866 0.0488 0.1554 0.1886 0.069 0.1953 0.1886 0.0646 0.1487
 0.320000000 0.0486 0.0 0.1882 0.2418 0.0 0.1882 0.2372 0.0 0.1504 0.0814 -0.0488 0.1932 0.0866 -0.0488 0.1554 0.1886 -0.069 0.1953 0.1886 -0.0646 0.1487 0.0814 0.0488 0.1932 0.0866 0.0488 0.1554 0.1886 0.069 0.1953 0.1886 0.0646 0.1487
 0.330000000 0.0486 0.0 0.1882 0.24180000000000001 0.0 0.1882 0.2372 0.0 0.1504 0.0814 -0.048799999999999996 0.1932 0.0866 -0.048799999999999996 0.1554 0.1886 -0.069 0.1953 0.1886 -0.0646 0.1487 0.0814 0.048799999999999996 0.1932 0.0866 0.048799999999999996 0.1554 0.1886 0.069 0.1953 0.1886 0.0646 0.1487
 0.340000000 0.0486 0.0 0.1882 0.24180000000000001 0.0 0.1882 0.23719999999999997 0.0 0.1504 0.0814 -0.0488 0.1932 0.0866 -0.0488 0.1554 0.1886 -0.069 0.1953 0.1886 -0.0646 0.1487 0.0814 0.0488 0.1932 0.0866 0.0488 0.1554 0.1886 0.069 0.1953 0.1886 0.0646 0.1487
 0.350000000 0.0486 0.0 0.1882 0.24180000000000001 0.0 0.1882 0.23720000000000002 0.0 0.1504 0.0814 -0.04880000000000001 0.1932 0.0866 -0.04880000000000001 0.1554 0.1886 -0.069 0.1953 0.1886 -0.0646 0.1487 0.0814 0.04880000000000001 0.1932 0.0866 0.04880000000000001 0.1554 0.1886 0.069 0.1953 0.1886 0.0646 0.1487
 0.360000000 0.0486 0.0 0.18819999999999998 0.24179999999999996 0.0 0.18819999999999998 0.2372 0.0 0.1504 0.0814 -0.0488 0.1932 0.0866 -0.0488 0.1554 0.1886 -0.069 0.1953 0.1886 -0.0646 0.1487 0.0814 0.0488 0.1932 0.0866 0.0488 0.1554 0.1886 0.069 0.1953 0.1886 0.0646 0.1487
 0.370000000 0.0486 0.0 0.1882 0.24179999999999996 0.0 0.1882 0.2372 0.0 0.1504 0.0814 -0.04880000000000001 0.1932 0.08660000000000001 -0.04880000000000001 0.1554 0.1886 -0.069 0.19530000000000003 0.1886 -0.0646 0.1487 0.0814 0.04880000000000001 0.1932 0.08660000000000001 0.04880000000000001 0.1554 0.1886 0.069 0.19530000000000003 0.1886 0.0646 0.1487
 0.380000000 0.0486 0.0 0.18820000000000003 0.2418 0.0 0.18820000000000003 0.2372 0.0 0.1504 0.0814 -0.0488 0.1932 0.0866 -0.0488 0.1554 0.1886 -0.069 0.1953 0.1886 -0.0646 0.1487 0.0814 0.0488 0.1932 0.0866 0.0488 0.1554 0.1886 0.069 0.1953 0.1886 0.0646 0.1487
 0.390000000 0.0486 0.0 0.1882 0.2418 0.0 0.1882 0.23720000000000002 0.0 0.1504 0.0814 -0.048799999999999996 0.19320000000000004 0.0866 -0.048799999999999996 0.1554 0.1886 -0.069 0.1953 0.1886 -0.0646 0.1487 0.0814 0.048799999999999996 0.19320000000000004 0.0866 0.048799999999999996 0.1554 0.1886 0.069 0.1953 0.1886 0.0646 0.1487
 0.400000000 0.0486 0.0 0.18820000000000003 0.2418 0.0 0.18820000000000003 0.2372 0.0 0.1504 0.0814 -0.0488 0.19320000000000004 0.08659999999999998 -0.0488 0.1554 0.1886 -0.069 0.1953 0.1886 -0.0646 0.1487 0.0814 0.0488 0.19320000000000004 0.08659999999999998 0.0488 0.1554 0.1886 0.069 0.1953 0.1886 0.0646 0.1487
 0.410000000 0.048600000000000004 0.0 0.1882 0.2418 0.0 0.1882 0.2372 0.0 0.1504 0.0814 -0.04880000000000001 0.1932 0.0866 -0.04880000000000001 0.15540000000000004 0.1886 -0.069 0.1953 0.1886 -0.0646 0.1487 0.0814 0.04880000000000001 0.1932 0.0866 0.04880000000000001 0.15540000000000004 0.1886 0.069 0.1953 0.1886 0.0646 0.1487
 0.420000000 0.0486 0.0 0.1882 0.2418 0.0 0.1882 0.2372 0.0 0.1504 0.0814 -0.0488 0.19320000000000004 0.0866 -0.0488 0.1554 0.1886 -0.069 0.1953 0.1886 -0.0646 0.1487 0.0814 0.0488 0.19320000000000004 0.0866 0.0488 0.1554 0.1886 0.069 0.1953 0.1886 0.0646 0.1487
 0.430000000 0.0486 0.0 0.1882 0.2418 0.0 0.1882 0.23719999999999997 0.0 0.1504 0.0814 -0.04880000000000001 0.19319999999999998 0.0866 -0.04880000000000001 0.1554 0.1886 -0.069 0.1953 0.1886 -0.0646 0.1487 0.0814 0.04880000000000001 0.19319999999999998 0.0866 0.04880000000000001 0.1554 0.1886 0.069 0.1953 0.1886 0.0646 0.1487
 0.440000000 0.0486 0.0 0.1882 0.2418 0.0 0.1882 0.2372 0.0 0.1504 0.0814 -0.0488 0.1932 0.0866 -0.0488 0.1554 0.1886 -0.069 0.19529999999999997 0.1886 -0.0646 0.1487 0.0814 0.0488 0.1932 0.0866 0.0488 0.1554 0.1886 0.069 0.19529999999999997 0.1886 0.0646 0.1487
 0.450000000 0.0486 0.0 0.1882 0.24179999999999996 0.0 0.1882 0.2372 0.0 0.1504 0.0814 -0.048799999999999996 0.1932 0.0866 -0.048799999999999996 0.1554 0.1886 -0.069 0.1953 0.1886 -0.0646 0.1487 0.0814 0.048799999999999996 0.1932 0.0866 0.048799999999999996 0.1554 0.1886 0.069 0.1953 0.1886 0.0646 0.1487
 0.460000000 0.0486 0.0 0.1882 0.2418 0.0 0.1882 0.2372 0.0 0.1504 0.0814 -0.0488 0.1932 0.08660000000000001 -0.0488 0.1554 0.1886 -0.069 0.1953 0.1886 -0.0646 0.1487 0.0814 0.0488 0.1932 0.08660000000000001 0.0488 0.1554 0.1886 0.069 0.1953 0.1886 0.0646 0.1487
 0.470000000 0.0486 0.0 0.18819999999999998 0.2418 0.0 0.18819999999999998 0.2372 0.0 0.1504 0.0814 -0.0488 0.1932 0.0866 -0.0488 0.1554 0.1886 -0.069 0.1953 0.1886 -0.0646 0.1487 0.0814 0.0488 0.1932 0.0866 0.0488 0.1554 0.1886 0.069 0.1953 0.1886 0.0646 0.1487
 0.480000000 0.0486 0.0 0.1882 0.2418 0.0 0.1882 0.2372 0.0 0.1504 0.0814 -0.0488 0.1932 0.0866 -0.0488 0.1554 0.1886 -0.069 0.1953 0.1886 -0.0646 0.1487 0.0814 0.0488 0.1932 0.0866 0.0488 0.1554 0.1886 0.069 0.1953 0.1886 0.0646 0.1487
 0.490000000 0.0486 0.0 0.18819999999999998 0.2418 0.0 0.18819999999999998 0.2372 0.0 0.1504 0.0814 -0.0488 0.1932 0.0866 -0.0488 0.1554 0.1886 -0.069 0.1953 0.1886 -0.0646 0.1487 0.0814 0.0488 0.1932 0.0866 0.0488 0.1554 0.1886 0.069 0.1953 0.1886 0.0646 0.1487
 0.500000000 0.0486 0.0 0.1882 0.2418 0.0 0.1882 0.2372 0.0 0.1504 0.0814 -0.0488 0.1932 0.0866 -0.0488 0.1554 0.1886 -0.069 0.1953 0.1886 -0.0646 0.1487 0.0814 0.0488 0.1932 0.0866 0.0488 0.1554 0.1886 0.069 0.1953 0.1886 0.0646 0.1487
