0.0013977767487257265
0.026820697873640525
1.2846426752223009E-17
-3.105251234309558E-17
-3.648085480400486E-18
0.014420131566904372
0.1797978098714026
0.20839369452492024
4.291980381706592E-18
-4.7360299775903724E-17
4.6997760877505805E-17
-6.0591166548074446E-18
9.81745963437922E-4
-2.7152090607210843E-18
0.0928674069954602
0.11166955207013872
2.2599660092033603E-17
-3.6517326658605224E-17
-3.422039118063588E-17
-5.852888088185147E-18
0.10861969014438602
0.09771979928972445
-6.3446506893131805E-18
-9.707482326011919E-17
3.4704802632224846E-23
4.297660875775513E-23
4.421874366696199E-17
4.248393666954095E-18
