14.0 0.4082914572864322 0.55 5.0 3.0 2.7 2.0 0.6 0.07160584552333879 
14.0 0.3651685393258427 0.55 5.0 3.0 2.7 2.0 0.6 0.08980053377609519 
14.0 0.33163265306122447 0.55 5.0 3.0 2.7 2.0 0.6 0.10665369536535363 
14.0 0.34951456310679613 0.55 5.0 3.0 2.7 2.0 0.6 0.05512018125213516 
14.0 0.30405405405405406 0.55 5.0 3.0 2.7 2.0 0.6 0.06503376010619713 
14.0 0.4082914572864322 0.55 5.0 3.0 2.7 2.0 0.6 0.07160584552333879 
14.0 0.3651685393258427 0.55 5.0 3.0 2.7 2.0 0.6 0.08980053377609519 
14.0 0.33163265306122447 0.55 5.0 3.0 2.7 2.0 0.6 0.10665369536535363 
14.0 0.34951456310679613 0.55 5.0 3.0 2.7 2.0 0.6 0.05512018125213516 
14.0 0.30405405405405406 0.55 5.0 3.0 2.7 2.0 0.6 0.06503376010619713 
8.05 0.2819548872180451 0.55 5.0 3.0 2.7 2.0 0.6 0.04425313877643851 
8.05 0.47552447552447547 0.55 5.0 3.0 2.7 2.0 0.6 0.062447827029194915 
8.05 0.5363128491620112 0.55 5.0 3.0 2.7 2.0 0.6 0.07893349130039855 
8.05 0.5204460966542751 0.55 5.0 3.0 2.7 2.0 0.6 0.09612979585785275 
8.05 0.2819548872180451 0.55 5.0 3.0 2.7 2.0 0.6 0.04425313877643851 
8.05 0.47552447552447547 0.55 5.0 3.0 2.7 2.0 0.6 0.062447827029194915 
8.05 0.5363128491620112 0.55 5.0 3.0 2.7 2.0 0.6 0.07893349130039855 
8.05 0.5204460966542751 0.55 5.0 3.0 2.7 2.0 0.6 0.09612979585785275 
31.150000000000002 0.7855626326963907 0.55 5.0 2.4 2.7 2.0 0.6 0.03686031853663469 
17.15 0.7037037037037036 0.55 5.0 2.5 2.7 2.0 0.6 0.018580248732110477 
32.9 0.5307855626326964 0.55 10.0 2.6 2.7 2.0 0.6 0.030513742267610833 
43.05 0.7584830339321357 0.55 0.0 2.6 2.7 2.0 0.6 0.04701179242723345 
31.150000000000002 0.7855626326963907 0.55 5.0 2.4 2.7 2.0 0.6 0.03686031853663469 
17.15 0.7037037037037036 0.55 5.0 2.5 2.7 2.0 0.6 0.018580248732110477 
32.9 0.5307855626326964 0.55 10.0 2.6 2.7 2.0 0.6 0.030513742267610833 
43.05 0.7584830339321357 0.55 0.0 2.6 2.7 2.0 0.6 0.04701179242723345 
37.45 0.6463878326996197 0.55 5.0 2.5 2.7 2.0 0.6 0.0645797639613948 
37.45 0.5738396624472574 0.55 5.0 2.5 2.7 2.0 0.6 0.07646032573190674 
37.45 0.5190839694656488 0.55 5.0 2.5 2.7 2.0 0.6 0.08625510841617023 
37.45 0.47786366830639493 0.55 5.0 2.5 2.7 2.0 0.6 0.08376846145428907 
37.45 0.3946604759141033 0.55 5.0 2.5 2.7 2.0 0.6 0.18273333283941715 
37.45 0.6463878326996197 0.55 5.0 2.5 2.7 2.0 0.6 0.0645797639613948 
37.45 0.5738396624472574 0.55 5.0 2.5 2.7 2.0 0.6 0.07646032573190674 
37.45 0.5190839694656488 0.55 5.0 2.5 2.7 2.0 0.6 0.08625510841617023 
37.45 0.47786366830639493 0.55 5.0 2.5 2.7 2.0 0.6 0.08376846145428907 
37.45 0.3946604759141033 0.55 5.0 2.5 2.7 2.0 0.6 0.18273333283941715 
54.95 0.7112970711297071 0.55 5.0 2.5 2.7 2.0 0.6 0.0734753811918659 
54.95 0.7112970711297071 0.55 5.0 2.5 2.7 2.0 0.6 0.0734753811918659 
19.6 0.6948426484973186 0.55 10.0 2.5 2.7 2.0 0.6 0.1325267595361394 
19.6 0.7483289741354259 0.55 10.0 2.5 2.7 2.0 0.6 0.1254768074497459 
19.6 0.8211096938775511 0.55 10.0 2.5 2.7 2.0 0.6 0.11498400514712881 
19.6 0.9063709961281239 0.55 10.0 2.5 2.7 2.0 0.6 0.10436251095156221 
19.6 0.6948426484973186 0.55 10.0 2.5 2.7 2.0 0.6 0.1325267595361394 
19.6 0.7483289741354259 0.55 10.0 2.5 2.7 2.0 0.6 0.1254768074497459 
19.6 0.8211096938775511 0.55 10.0 2.5 2.7 2.0 0.6 0.11498400514712881 
19.6 0.9063709961281239 0.55 10.0 2.5 2.7 2.0 0.6 0.10436251095156221 
14.7 0.475 0.55 0.0 2.5 2.6315789473684212 2.0 0.6 0.02989372994858525 
19.25 0.4615384615384615 0.55 0.0 2.6 2.7083333333333335 2.0 0.6 0.04128852567950356 
15.75 0.4482758620689655 0.55 0.0 2.6 2.8 2.0 0.6 0.055644643714442124 
7.35 0.53125 0.55 0.0 2.6 2.9058823529411764 2.0 0.6 0.026730259254249104 
12.25 0.5 0.55 0.0 2.6 2.9058823529411764 2.0 0.6 0.030154110673692926 
16.1 0.5405405405405405 0.55 0.0 2.6 2.6 2.0 0.6 0.03618763343561087 
14.7 0.475 0.55 0.0 2.5 2.6315789473684212 2.0 0.6 0.02989372994858525 
19.25 0.4615384615384615 0.55 0.0 2.6 2.7083333333333335 2.0 0.6 0.04128852567950356 
15.75 0.4482758620689655 0.55 0.0 2.6 2.8 2.0 0.6 0.055644643714442124 
7.35 0.53125 0.55 0.0 2.6 2.9058823529411764 2.0 0.6 0.026730259254249104 
12.25 0.5 0.55 0.0 2.6 2.9058823529411764 2.0 0.6 0.030154110673692926 
16.1 0.5405405405405405 0.55 0.0 2.6 2.6 2.0 0.6 0.03618763343561087 
44.1 0.6176470588235294 0.55 10.0 3.2 2.7 2.0 0.6 0.0947232881948283 
70.0 0.617283950617284 0.55 10.0 2.7 2.7 2.0 0.6 0.10831164925214878 
70.0 0.617283950617284 0.55 10.0 2.7 2.7 2.0 0.6 0.09086397677209876 
44.1 0.6176470588235294 0.55 10.0 3.2 2.7 2.0 0.6 0.0947232881948283 
70.0 0.617283950617284 0.55 10.0 2.7 2.7 2.0 0.6 0.10831164925214878 
70.0 0.617283950617284 0.55 10.0 2.7 2.7 2.0 0.6 0.09086397677209876 
54.95 0.6991869918699186 0.55 0.0 2.5 2.7 2.0 0.6 0.12842737743581462 
54.95 0.5058823529411764 0.55 0.0 2.5 2.7 2.0 0.6 0.1711149975529927 
54.95 0.6991869918699186 0.55 0.0 2.5 2.7 2.0 0.6 0.12842737743581462 
54.95 0.5058823529411764 0.55 0.0 2.5 2.7 2.0 0.6 0.1711149975529927 
16.8 0.5363321799307958 0.55 0.0 2.5 2.7 2.0 0.6 0.18154946391772586 
16.8 0.5897273303741282 0.55 0.0 2.5 2.7 2.0 0.6 0.17105571303866193 
16.8 0.6462821403752607 0.55 0.0 2.5 2.7 2.0 0.6 0.15664733260794825 
16.8 0.5363321799307958 0.55 0.0 2.5 2.7 2.0 0.6 0.18154946391772586 
16.8 0.5897273303741282 0.55 0.0 2.5 2.7 2.0 0.6 0.17105571303866193 
16.8 0.6462821403752607 0.55 0.0 2.5 2.7 2.0 0.6 0.15664733260794825 
70.7 0.7189157336476134 0.55 15.0 3.0 2.7 2.0 0.6 0.14956149411855735 
19.6 0.7843137254901961 0.55 15.0 3.0 2.7 2.0 0.6 0.15043561669196048 
21.7 0.6128133704735377 0.55 15.0 3.0 2.7 2.0 0.6 0.15607558010979958 
70.7 0.7189157336476134 0.55 15.0 3.0 2.7 2.0 0.6 0.14956149411855735 
19.6 0.7843137254901961 0.55 15.0 3.0 2.7 2.0 0.6 0.15043561669196048 
21.7 0.6128133704735377 0.55 15.0 3.0 2.7 2.0 0.6 0.15607558010979958 
8.05 0.4737384140061791 0.55 30.0 2.7 2.7 2.0 0.6 0.1684173264831698 
8.05 0.6606606606606608 0.55 30.0 2.7 2.7 2.0 0.6 0.13611531749346337 
8.05 0.7096774193548387 0.55 30.0 2.7 2.7 2.0 0.6 0.12037563210235583 
8.05 0.7447528774542993 0.55 30.0 2.7 2.7 2.0 0.6 0.10866929058190093 
26.95 0.5765271105010296 0.55 30.0 2.7 2.7 2.0 0.6 0.10361960549217829 
26.95 0.5919661733615222 0.55 30.0 2.7 2.7 2.0 0.6 0.09132614294630535 
26.95 0.5907172995780591 0.55 30.0 2.7 2.7 2.0 0.6 0.08500596167492493 
77.0 0.7301587301587301 0.55 0.0 2.7 2.7 2.0 0.6 0.07520421931000405 
8.05 0.4737384140061791 0.55 30.0 2.7 2.7 2.0 0.6 0.1684173264831698 
8.05 0.6606606606606608 0.55 30.0 2.7 2.7 2.0 0.6 0.13611531749346337 
8.05 0.7096774193548387 0.55 30.0 2.7 2.7 2.0 0.6 0.12037563210235583 
8.05 0.7447528774542993 0.55 30.0 2.7 2.7 2.0 0.6 0.10866929058190093 
26.95 0.5765271105010296 0.55 30.0 2.7 2.7 2.0 0.6 0.10361960549217829 
26.95 0.5919661733615222 0.55 30.0 2.7 2.7 2.0 0.6 0.09132614294630535 
26.95 0.5907172995780591 0.55 30.0 2.7 2.7 2.0 0.6 0.08500596167492493 
77.0 0.7301587301587301 0.55 0.0 2.7 2.7 2.0 0.6 0.07520421931000405 
8.75 0.3942652329749104 0.55 0.0 2.7 1.656818181818182 2.0 0.6 0.1121343180592095 
8.75 0.4554865424430642 0.55 0.0 2.7 1.656818181818182 2.0 0.6 0.09814938366544242 
8.75 0.5398773006134969 0.55 0.0 2.7 1.656818181818182 2.0 0.6 0.08631625047432386 
8.75 0.658682634730539 0.55 0.0 2.7 1.656818181818182 2.0 0.6 0.07839619668419007 
8.75 0.8477842003853565 0.55 0.0 2.7 1.656818181818182 2.0 0.6 0.06177512702782597 
8.75 0.3942652329749104 0.55 0.0 2.7 1.656818181818182 2.0 0.6 0.1121343180592095 
8.75 0.4554865424430642 0.55 0.0 2.7 1.656818181818182 2.0 0.6 0.09814938366544242 
8.75 0.5398773006134969 0.55 0.0 2.7 1.656818181818182 2.0 0.6 0.08631625047432386 
8.75 0.658682634730539 0.55 0.0 2.7 1.656818181818182 2.0 0.6 0.07839619668419007 
8.75 0.8477842003853565 0.55 0.0 2.7 1.656818181818182 2.0 0.6 0.06177512702782597 
5.6000000000000005 0.846262341325811 0.55 0.0 2.7 2.7 2.0 0.6 0.05149808703899566 
5.6000000000000005 0.6888633754305395 0.55 0.0 2.7 2.7 2.0 0.6 0.06135175160886586 
5.6000000000000005 0.5847953216374269 0.55 0.0 2.7 2.7 2.0 0.6 0.07525358627575456 
5.6000000000000005 0.5154639175257731 0.55 0.0 2.7 2.7 2.0 0.6 0.10476995629888981 
5.6000000000000005 0.4294917680744452 0.55 0.0 2.7 2.7 2.0 0.6 0.126374136766079 
5.6000000000000005 0.846262341325811 0.55 0.0 2.7 2.7 2.0 0.6 0.05149808703899566 
5.6000000000000005 0.6888633754305395 0.55 0.0 2.7 2.7 2.0 0.6 0.06135175160886586 
5.6000000000000005 0.5847953216374269 0.55 0.0 2.7 2.7 2.0 0.6 0.07525358627575456 
5.6000000000000005 0.5154639175257731 0.55 0.0 2.7 2.7 2.0 0.6 0.10476995629888981 
5.6000000000000005 0.4294917680744452 0.55 0.0 2.7 2.7 2.0 0.6 0.126374136766079 
