0.1716321757730324 -0.028524052639774297 -0.0036868795675974687 0.16044136774978823 -0.026249822170610507 0.008900237861781988 0.1521770168592507 -0.02370296295677178 0.028101861958470017 0.1466872425784797 -0.021765623744914565 0.04786583099500837 0.1420384055187577 -0.02072763947770303 0.06369859964969166 
0.1716321757730324 -0.028524052639774297 -0.0036868795675974687 0.16044136774978823 -0.026249822170610507 0.008900237861781988 0.1521770168592507 -0.02370296295677178 0.028101861958470017 0.1466872425784797 -0.021765623744914565 0.04786583099500837 0.1420384055187577 -0.02072763947770303 0.06369859964969166 0.1380761448907643 -0.019073563087012132 0.08151172281554377 
0.1716321757730324 -0.028524052639774297 -0.0036868795675974687 0.16044136774978823 -0.026249822170610507 0.008900237861781988 0.1521770168592507 -0.02370296295677178 0.028101861958470017 0.1466872425784797 -0.021765623744914565 0.04786583099500837 0.1420384055187577 -0.02072763947770303 0.06369859964969166 0.1380761448907643 -0.019073563087012132 0.08151172281554377 0.1347435997800718 -0.017929976913103718 0.10170542396673253 
0.1716321757730324 -0.028524052639774297 -0.0036868795675974687 0.16044136774978823 -0.026249822170610507 0.008900237861781988 0.1521770168592507 -0.02370296295677178 0.028101861958470017 0.1466872425784797 -0.021765623744914565 0.04786583099500837 
0.1466872425784797 -0.021765623744914565 0.04786583099500837 0.1420384055187577 -0.02072763947770303 0.06369859964969166 0.1380761448907643 -0.019073563087012132 0.08151172281554377 0.1347435997800718 -0.017929976913103718 0.10170542396673253 0.13670540105466034 -0.01839611162328791 0.11534396361048109 
0.17267390040907912 0.026140317819146167 -0.004248513127916676 0.16133205846829826 0.024474366905031554 0.008355011909423204 0.15292193877608182 0.022510703065257903 0.02770688152338713 0.147356754814394 0.021021724494877655 0.047615078142150616 0.14269906798147797 0.020345607184961364 0.0634515661850569 
0.17267390040907912 0.026140317819146167 -0.004248513127916676 0.16133205846829826 0.024474366905031554 0.008355011909423204 0.15292193877608182 0.022510703065257903 0.02770688152338713 0.147356754814394 0.021021724494877655 0.047615078142150616 0.14269906798147797 0.020345607184961364 0.0634515661850569 0.13874145461825055 0.019142176450455444 0.08122504195339773 
0.17267390040907912 0.026140317819146167 -0.004248513127916676 0.16133205846829826 0.024474366905031554 0.008355011909423204 0.15292193877608182 0.022510703065257903 0.02770688152338713 0.147356754814394 0.021021724494877655 0.047615078142150616 0.14269906798147797 0.020345607184961364 0.0634515661850569 0.13874145461825055 0.019142176450455444 0.08122504195339773 0.13540872406211035 0.01856920616729745 0.10121126599766515 
0.17267390040907912 0.026140317819146167 -0.004248513127916676 0.16133205846829826 0.024474366905031554 0.008355011909423204 0.15292193877608182 0.022510703065257903 0.02770688152338713 0.147356754814394 0.021021724494877655 0.047615078142150616 
0.147356754814394 0.021021724494877655 0.047615078142150616 0.14269906798147797 0.020345607184961364 0.0634515661850569 0.13874145461825055 0.019142176450455444 0.08122504195339773 0.13540872406211035 0.01856920616729745 0.10121126599766515 0.13737943534631858 0.019302697971313447 0.11482543974501562 
0.1380761448907643 -0.019073563087012132 0.08151172281554377 0.1347435997800718 -0.017929976913103718 0.10170542396673253 0.13670540105466034 -0.01839611162328791 0.11534396361048109 0.13823051368158182 -0.018213005670046026 0.13062018883391094 
0.1420384055187577 -0.02072763947770303 0.06369859964969166 0.1380761448907643 -0.019073563087012132 0.08151172281554377 0.1347435997800718 -0.017929976913103718 0.10170542396673253 0.13670540105466034 -0.01839611162328791 0.11534396361048109 0.13823051368158182 -0.018213005670046026 0.13062018883391094 
0.1466872425784797 -0.021765623744914565 0.04786583099500837 0.1420384055187577 -0.02072763947770303 0.06369859964969166 0.1380761448907643 -0.019073563087012132 0.08151172281554377 0.1347435997800718 -0.017929976913103718 0.10170542396673253 0.13670540105466034 -0.01839611162328791 0.11534396361048109 0.13823051368158182 -0.018213005670046026 0.13062018883391094 
0.1521770168592507 -0.02370296295677178 0.028101861958470017 0.1466872425784797 -0.021765623744914565 0.04786583099500837 0.1420384055187577 -0.02072763947770303 0.06369859964969166 0.1380761448907643 -0.019073563087012132 0.08151172281554377 0.1347435997800718 -0.017929976913103718 0.10170542396673253 0.13670540105466034 -0.01839611162328791 0.11534396361048109 0.13823051368158182 -0.018213005670046026 0.13062018883391094 
0.13874145461825055 0.019142176450455444 0.08122504195339773 0.13540872406211035 0.01856920616729745 0.10121126599766515 0.13737943534631858 0.019302697971313447 0.11482543974501562 0.13890471678920452 0.019485754579955727 0.1300983077574622 
0.14269906798147797 0.020345607184961364 0.0634515661850569 0.13874145461825055 0.019142176450455444 0.08122504195339773 0.13540872406211035 0.01856920616729745 0.10121126599766515 0.13737943534631858 0.019302697971313447 0.11482543974501562 0.13890471678920452 0.019485754579955727 0.1300983077574622 
0.147356754814394 0.021021724494877655 0.047615078142150616 0.14269906798147797 0.020345607184961364 0.0634515661850569 0.13874145461825055 0.019142176450455444 0.08122504195339773 0.13540872406211035 0.01856920616729745 0.10121126599766515 0.13737943534631858 0.019302697971313447 0.11482543974501562 0.13890471678920452 0.019485754579955727 0.1300983077574622 
0.15292193877608182 0.022510703065257903 0.02770688152338713 0.147356754814394 0.021021724494877655 0.047615078142150616 0.14269906798147797 0.020345607184961364 0.0634515661850569 0.13874145461825055 0.019142176450455444 0.08122504195339773 0.13540872406211035 0.01856920616729745 0.10121126599766515 0.13737943534631858 0.019302697971313447 0.11482543974501562 0.13890471678920452 0.019485754579955727 0.1300983077574622 
0.20205412028862113 -0.0044580801950220295 0.09776983331756571 0.18754795721184725 -0.016879001035251515 0.1208429893094308 0.18121608329658623 -0.019529742322415496 0.126621225495404 
0.19775259038271126 -0.0040965232595668805 0.1182004294304303 0.20274093814481778 -0.012356007155326388 0.13282990274924628 
0.16802556411594066 -0.03686348880566829 0.11805082787549698 0.19459745169014744 -0.025485987804967192 0.13216765628315588 
0.20205412028862113 -0.0044580801950220295 0.09776983331756571 0.16802556411594066 -0.03686348880566829 0.11805082787549698 
0.20218187844061075 0.002552742151130221 0.09767491465255242 0.18813798248125596 0.016121175013241514 0.12038909224929245 0.18190789756746528 0.019153764235953958 0.12608571212813108 
0.19787794049650714 0.0029143219320418774 0.11810399958057495 0.2031656048636391 0.01138966924098974 0.1325011805558232 
0.16934095224875254 0.03670630931228104 0.11703892069561897 0.19549638916697776 0.024779025861701828 0.13147181484789094 
0.20218187844061075 0.002552742151130221 0.09767491465255242 0.16934095224875254 0.03670630931228104 0.11703892069561897 
0.18033532428450946 -0.0244858459440643 0.07521162004815979 0.20856576242546343 -0.021274980696652013 0.13653723335804066 
0.18797249237877164 -0.02470389799095935 0.05844964894023397 0.20863494626559043 -0.01740649511325512 0.1364836801534498 
0.18815166094336563 -0.02475064331092369 0.048255473413518116 0.20866913098531603 -0.015495021347298217 0.13645721875312883 
0.21121551490341484 -0.025112196520766725 0.047230481519150935 0.20188321866986145 -0.012199931824948674 0.13213930388940773 
0.2504960645646791 -0.032694305991946726 -0.06514509710655549 0.23474418322900403 -0.023978984816182915 0.028710687046326643 0.22654007834174764 -0.02102371710559298 0.05362504359878549 0.224229983055702 -0.019253909317420145 0.06315030683119682 0.22047507800283878 -0.018256174702162436 0.07818735461366584 0.21630996789582912 -0.015987979395986257 0.08901022475627396 0.21319431717504775 -0.01632086649490037 0.09756288518849118 0.20689066303445003 -0.01378768681999008 0.12101697191665099 0.20188321866986145 -0.012199931824948674 0.13213930388940773 
0.1810992683900991 0.02300839878141192 0.07492596773727467 0.20930738986558023 0.020193880457616494 0.13596316106084116 
0.18871566130706147 0.022790719777016657 0.05817130939850858 0.2092382060254533 0.01632539487421961 0.13601671426543202 
0.1889172100839822 0.022742699962428947 0.04784955579207888 0.20920402130572768 0.014413921108262713 0.13604317566575302 
0.21204943569849571 0.022378986675293554 0.04672000661440472 0.20230251235508828 0.011245305871212348 0.13181474080549388 
0.25161534921217543 0.026040016402424686 -0.06574854623296729 0.23551683231206993 0.020022818912181838 0.028237718906658108 0.22716705531554565 0.017872848851095333 0.05329260118797395 0.22478575500028433 0.01626449715692059 0.06294215320357567 0.22101848414715886 0.0155272712526239 0.07798416537542388 0.21682243249577982 0.013448255886313445 0.08878940460700566 0.21374670644421628 0.013991900023316805 0.0971524843555065 0.20735792753678103 0.012346466474134251 0.12065751276310052 0.20230251235508828 0.011245305871212348 0.13181474080549388 
0.20205412028862113 -0.0044580801950220295 0.09776983331756571 0.22425414476131955 -0.0313254048347051 0.019417630230794132 
0.20218187844061075 0.002552742151130221 0.09767491465255242 0.2253734294088159 0.027408917559666315 0.01881418110438233 
0.16802556411594066 -0.03686348880566829 0.11805082787549698 0.23057953628175548 -0.08870571543629674 -0.008169242929043398 
0.17618322665902336 -0.02077319283310223 0.10427308610645764 0.23057953628175548 -0.08870571543629674 -0.008169242929043398 
0.16690525841791115 -0.026997594358761732 0.08677150185215086 0.23057953628175548 -0.08870571543629674 -0.008169242929043398 
0.1692862220833662 -0.027152500890186497 0.07138224638231257 0.23057953628175548 -0.08870571543629674 -0.008169242929043398 
0.16934095224875254 0.03670630931228104 0.11703892069561897 0.2338693698627831 0.08392789175568707 -0.009942917932048202 
0.17692567953767613 0.019969453734336826 0.10372147640500631 0.2338693698627831 0.08392789175568707 -0.009942917932048202 
0.1678302772237234 0.026135970791027096 0.08637291277732478 0.2338693698627831 0.08392789175568707 -0.009942917932048202 
0.1701409020967124 0.02598277617894806 0.07106266629904034 0.2338693698627831 0.08392789175568707 -0.009942917932048202 
0.20205412028862113 -0.0044580801950220295 0.09776983331756571 0.18995483598244262 -0.01453075577375959 0.06984543427922311 
0.20205412028862113 -0.0044580801950220295 0.09776983331756571 0.20003078018672998 -0.014782416091254046 0.05301461055714151 
0.20205412028862113 -0.0044580801950220295 0.09776983331756571 0.20566613604120773 -0.014969393438118692 0.03904505230853453 
0.18720267903908672 -0.009163410716096413 0.09833431722949308 0.18995483598244262 -0.01453075577375959 0.06984543427922311 
0.19128850423172972 -0.009337858998114908 0.08651392118195292 0.20003078018672998 -0.014782416091254046 0.05301461055714151 
0.19644423481455509 -0.00947499026513697 0.07616510563925986 0.20566613604120773 -0.014969393438118692 0.03904505230853453 
0.20218187844061075 0.002552742151130221 0.09767491465255242 0.1903926054453816 0.012685279868166234 0.06968174447808645 
0.20218187844061075 0.002552742151130221 0.09767491465255242 0.20045664467109475 0.012433833318424667 0.052855111255027294 
0.20218187844061075 0.002552742151130221 0.09767491465255242 0.20610482525117613 0.012246125636941683 0.03881244584186404 
0.18751197621409127 0.007809498740976914 0.0981045230873065 0.1903926054453816 0.012685279868166234 0.06968174447808645 
0.1915840139473107 0.007636373986725527 0.08638658653384046 0.20045664467109475 0.012433833318424667 0.052855111255027294 
0.1967172738555667 0.007499789615394424 0.07606301147758475 0.20610482525117613 0.012246125636941683 0.03881244584186404 
0.1692862220833662 -0.027152500890186497 0.07138224638231257 0.155622174879335 -0.058520120694830494 -0.020924211356429058 
0.16690525841791115 -0.026997594358761732 0.08677150185215086 0.155622174879335 -0.058520120694830494 -0.020924211356429058 
0.17076066494883074 -0.027244423091865342 0.06040850008075134 0.1892392098824793 -0.0928076746327747 -0.011045206270138073 
0.1701409020967124 0.02598277617894806 0.07106266629904034 0.15781149455273527 0.05636415633823759 -0.022104557256200606 
0.1678302772237234 0.026135970791027096 0.08637291277732478 0.15781149455273527 0.05636415633823759 -0.022104557256200606 
0.17159210225543706 0.025891271327133373 0.06009710132592618 0.1927141966701968 0.0895418240068399 -0.01291870444241377 
0.23600930262175543 -0.005462394964956225 0.032025897044598 0.21373782506389838 -0.01637640547782003 0.05176465529967106 0.202932456474282 -0.022469205617010494 0.06174701549874739 0.1910756022077813 -0.028203573394308932 0.07481778369838527 0.18251077042533814 -0.03224642312393008 0.08356555223268998 0.17187391022439644 -0.037207135497149574 0.09341325507647734 0.1489880909449602 -0.047333790166845496 0.1138017714171281 0.14291887526080937 -0.051237530827823986 0.1219130400818454 
0.23936404788437568 -0.006315747840913032 -0.03666330571178721 0.21029753228239875 -0.02125239074763058 0.02423212506453246 0.19232942220152918 -0.029107892322835123 0.04887560656909032 0.18507563237618088 -0.033003840844067406 0.060624580125795774 0.1768042120223386 -0.036658524471547604 0.07321074312291352 0.17078700192097065 -0.039226406037028 0.08169091621983944 0.16311289931833634 -0.04237361601928168 0.09254487295889399 0.14896185571617793 -0.04880112930192526 0.11382195376156955 0.14291887526080937 -0.051237530827823986 0.1219130400818454 
0.23613241469276464 0.0015487480026176235 0.031950535423815506 0.21422116913196673 0.013609423681914534 0.05150837145838939 0.20359899147361007 0.020127872674341997 0.0614973777122433 0.19195347808431762 0.02637378562154188 0.07448953026862765 0.18360818732161735 0.03078977872250183 0.08309267710557049 0.1732125104408265 0.03624953371540596 0.09241873422946074 0.1506877719048307 0.047729546625840225 0.11249423387448791 0.14476638642751155 0.052067956413683426 0.12048293525804946 
0.23949765441089552 6.952379884392927E-4 -0.03673533809594584 0.21098784602159307 0.01806047498760116 0.023809557546923064 0.19323339487694755 0.026973007394193393 0.04839629254627482 0.18608029136038456 0.031202146012402027 0.06024830454347693 0.177961074949596 0.03526340094024178 0.07277817146468554 0.17213397946147127 0.038144690046414034 0.08111050582352519 0.16464508739401684 0.0417063290346978 0.09140652488146854 0.15071400713361308 0.04919688576092002 0.11247405153004647 0.14476638642751155 0.052067956413683426 0.12048293525804946 
0.16802556411594066 -0.03686348880566829 0.11805082787549698 0.25098890362516724 -0.006832637709437194 -0.06541080547768209 
0.16535516268633638 -0.026239595138355387 0.1051590486412459 0.25098890362516724 -0.006832637709437194 -0.06541080547768209 
0.16690525841791115 -0.026997594358761732 0.08677150185215086 0.25098890362516724 -0.006832637709437194 -0.06541080547768209 
0.16934095224875254 0.03670630931228104 0.11703892069561897 0.2511225101516871 1.7834811991513408E-4 -0.06548283786184071 
0.16630436608731994 0.02584863806649941 0.10445383243199213 0.2511225101516871 1.7834811991513408E-4 -0.06548283786184071 
0.1678302772237234 0.026135970791027096 0.08637291277732478 0.2511225101516871 1.7834811991513408E-4 -0.06548283786184071 
0.11395100318266285 -0.006230397954049423 -0.01982792081191631 0.14291887526080937 -0.051237530827823986 0.1219130400818454 
0.12832929830758358 -0.05913507000145697 -0.03132506401932834 0.14291887526080937 -0.051237530827823986 0.1219130400818454 
0.12832929830758358 -0.05913507000145697 -0.03132506401932834 0.16660110675981532 -0.04376198404675663 0.12366685097470646 
0.11417899481760177 0.005733434677511515 -0.01995083981490705 0.14476638642751155 0.052067956413683426 0.12048293525804946 
0.13055778797240014 0.05780464744989054 -0.032526527958335494 0.14476638642751155 0.052067956413683426 0.12048293525804946 
0.13055778797240014 0.05780464744989054 -0.032526527958335494 0.16816709670524815 0.04380195453392928 0.12245466356531876 
0.19696316218193158 -0.11269012609546063 -0.016440104969976964 0.20920369529991995 -0.013563326047124185 0.1362787791599565 
0.2361131778118999 -0.09860218204569877 0.003970163818948203 0.20520789373189147 -6.992444822102812E-4 0.11989946629915377 
0.2361131778118999 -0.09860218204569877 0.003970163818948203 0.21592313796882612 -0.0012087468891718797 0.0973894843698991 
0.2407339085685952 -0.09194359407257216 0.003674243458179115 0.22141184509650522 -0.0013540907209187354 0.08891719449217474 
0.2407339085685952 -0.09194359407257216 0.003674243458179115 0.22581131880401056 -0.0014427817911990585 0.07860666038836554 
0.24535463932529047 -0.0852850060994456 0.0033783230974100253 0.23402904971585614 -0.0016437009232561162 0.06304404753864756 
0.24535463932529047 -0.0852850060994456 0.0033783230974100253 0.23838548771947882 -0.001750869426237233 0.05468134446264877 
0.22540512001128873 -0.07765414402429761 0.0031438479137802164 0.251507844053119 -0.0022389429457337568 0.03095983259583997 
0.20118786431957794 0.1090005921036517 -0.01871780333742558 0.20966909813945894 0.012460152440412823 0.13591852431666854 
0.2397807575333421 0.09385360679057655 0.0019928314362513827 0.20520789373189147 -6.992444822102812E-4 0.11989946629915377 
0.2397807575333421 0.09385360679057655 0.0019928314362513827 0.21592313796882612 -0.0012087468891718797 0.0973894843698991 
0.24414435486717398 0.08701915044239383 0.0018355415299831212 0.22141184509650522 -0.0013540907209187354 0.08891719449217474 
0.24414435486717398 0.08701915044239383 0.0018355415299831212 0.22581131880401056 -0.0014427817911990585 0.07860666038836554 
0.24850795220100588 0.08018469409421108 0.0016782516237148614 0.23402904971585614 -0.0016437009232561162 0.06304404753864756 
0.24850795220100588 0.08018469409421108 0.0016782516237148614 0.23838548771947882 -0.001750869426237233 0.05468134446264877 
0.22828212159635208 0.07331615562575212 0.0015927464159840718 0.251507844053119 -0.0022389429457337568 0.03095983259583997 
0.23324567597719156 -0.041868066610469365 -0.003167949413990982 0.16535516268633638 -0.026239595138355387 0.1051590486412459 
0.23324567597719156 -0.041868066610469365 -0.003167949413990982 0.16690525841791115 -0.026997594358761732 0.08677150185215086 
0.23324567597719156 -0.041868066610469365 -0.003167949413990982 0.1692862220833662 -0.027152500890186497 0.07138224638231257 
0.23324567597719156 -0.041868066610469365 -0.003167949413990982 0.17076066494883074 -0.027244423091865342 0.06040850008075134 
0.23324567597719156 -0.041868066610469365 -0.003167949413990982 0.17884578903236042 -0.03488134725576941 0.04437905837062546 
0.2347512221669564 0.03713528207930093 -0.003979646898646355 0.16630436608731994 0.02584863806649941 0.10445383243199213 
0.2347512221669564 0.03713528207930093 -0.003979646898646355 0.1678302772237234 0.026135970791027096 0.08637291277732478 
0.2347512221669564 0.03713528207930093 -0.003979646898646355 0.1701409020967124 0.02598277617894806 0.07106266629904034 
0.2347512221669564 0.03713528207930093 -0.003979646898646355 0.17159210225543706 0.025891271327133373 0.06009710132592618 
0.2347512221669564 0.03713528207930093 -0.003979646898646355 0.17994159126381193 0.033100325999221435 0.04379803043687271 
0.1692862220833662 -0.027152500890186497 0.07138224638231257 0.16660110675981532 -0.04376198404675663 0.12366685097470646 
0.17076066494883074 -0.027244423091865342 0.06040850008075134 0.16660110675981532 -0.04376198404675663 0.12366685097470646 
0.17884578903236042 -0.03488134725576941 0.04437905837062546 0.16660110675981532 -0.04376198404675663 0.12366685097470646 
0.21981470590993848 -0.031103589929993937 0.027155272961669884 0.16660110675981532 -0.04376198404675663 0.12366685097470646 
0.23324567597719156 -0.041868066610469365 -0.003167949413990982 0.16660110675981532 -0.04376198404675663 0.12366685097470646 
0.1701409020967124 0.02598277617894806 0.07106266629904034 0.16816709670524815 0.04380195453392928 0.12245466356531876 
0.17159210225543706 0.025891271327133373 0.06009710132592618 0.16816709670524815 0.04380195453392928 0.12245466356531876 
0.17994159126381193 0.033100325999221435 0.04379803043687271 0.16816709670524815 0.04380195453392928 0.12245466356531876 
0.22084607357281705 0.027632048885090348 0.02652393325582264 0.16816709670524815 0.04380195453392928 0.12245466356531876 
0.2347512221669564 0.03713528207930093 -0.003979646898646355 0.16816709670524815 0.04380195453392928 0.12245466356531876 
