NaN NaN NaN 
0.13659273286603765 0.0020720448440537482 0.2607292669798411 
0.1472434283008145 0.06855221152466998 0.1302762862506793 
0.14465203320331996 -0.06743092328182816 0.13167340637670472 
0.23494980280701902 -7.335306762520148E-4 0.17009359222301623 
0.038495607883862304 0.002864292087964341 0.15588778466231692 
0.1772098648016731 -0.0012613062581901375 0.01162792684562516 
0.22452980335874773 -0.0020175486527349365 0.025791666196350812 
0.18881475336030273 -0.027584518606547755 0.02272179502651937 
0.1898134697719599 0.024823000637136113 0.022183348843508015 
0.1660091242601859 -8.587150577852687E-4 0.030037273951810273 
0.2137843283578652 -0.0016403047575792899 0.042578366048046115 
0.17797611490337323 -0.027193134947735297 0.040711931886174904 
0.17897483131503036 0.025214384295949122 0.040173485703163446 
0.16185757634781106 -5.979853826859325E-4 0.047714019988099515 
0.20955704219506902 -0.0013752002999875296 0.060540433939731055 
NaN NaN NaN 
0.13659273286603668 0.0020720448440538683 0.2607292669798411 
0.14724342830081433 0.06855221152467052 0.13027628625067972 
0.14465203320331932 -0.06743092328182848 0.131673406376705 
0.23494980280701905 -7.335306762520563E-4 0.17009359222301623 
0.03849560788386111 0.002864292087964484 0.1558877846623168 
0.1772098648016731 -0.0012613062581901574 0.011627926845625178 
0.2245298033587476 -0.002017548652734828 0.0257916661963509 
0.18881475336030243 -0.027584518606547825 0.02272179502651968 
0.1898134697719601 0.024823000637136314 0.022183348843508144 
0.16600912426018613 -8.587150577852433E-4 0.030037273951810314 
0.2137843283578652 -0.0016403047575793582 0.042578366048046115 
0.17797611490337306 -0.02719313494773542 0.040711931886175015 
0.17897483131503023 0.025214384295949105 0.04017348570316363 
0.16185757634781106 -5.979853826859173E-4 0.047714019988099515 
0.20955704219506902 -0.0013752002999875758 0.06054043393973111 
NaN NaN NaN 
