3,0,0,0.25,0.25
2,0,0,0.25,0
3,0,0,0.25,0.25
6,0,0.25,0.25,0
9,0.3,0.3
0,0.4,0.3
1,0.4,0.4
2,0.4,0.5
3,0.5,0.3
4,0.5,0.4
5,0.5,0.5
1,0,0.1
3,0.1,0
4,0.1,0.1
5,0.1,0.2
6,0.2,0
7,0.2,0.1
8,0.2,0.2
9,0.3,0
10,0.3,0.1
11,0.3,0.2
12,0.4,0
13,0.4,0.1
14,0.4,0.2
15,0.5,0
16,0.5,0.1
17,0.5,0.2
0,0.3,0.5
2,0,0,0.25,0
3,0,0,0.25,0.25
5,0,0.25,0,0.25
7,0,0.25,0.25,0.25
6,0,0.25,0.25,0
8,0.25,0,0,0
9,0.25,0,0,0.25
11,0.25,0,0.25,0.25
10,0.25,0,0.25,0
13,0.25,0.25,0,0.25
12,0.25,0.25,0,0
14,0.25,0.25,0.25,0
15,0.25,0.25,0.25,0.25
2,0,0,0.25,0
3,0,0,0.25,0.25
5,0,0.25,0,0.25
2,0,0,0.25,0
3,0,0,0.25,0.25
5,0,0.25,0,0.25
7,0,0.25,0.25,0.25
6,0,0.25,0.25,0
9,0.25,0,0,0.25
11,0.25,0,0.25,0.25
10,0.25,0,0.25,0
12,0.25,0.25,0,0
13,0.25,0.25,0,0.25
1,0.25,0.25,0.25,0.25
0,0.25,0.25,0.25,0
2,0,0,0.25,0
1,0,0,0,0.25
3,0,0,0.25,0.25
5,0,0.25,0,0.25
7,0,0.25,0.25,0.25
9,0.25,0,0,0.25
8,0.25,0,0,0
10,0.25,0,0.25,0
11,0.25,0,0.25,0.25
13,0.25,0.25,0,0.25
12,0.25,0.25,0,0
15,0.25,0.25,0.25,0.25
14,0.25,0.25,0.25,0
2,0,0,0.25,0
2,0,0,0.25,0
2,0,0,0.25,0
3,0,0,0.25,0.25
1,0,0,0,0.25
5,0,0.25,0,0.25
4,0,0.25,0,0
6,0,0.25,0.25,0
8,0.25,0,0,0
7,0,0.25,0.25,0.25
11,0.25,0,0.25,0.25
12,0.25,0.25,0,0
13,0.25,0.25,0,0.25
14,0.25,0.25,0.25,0
15,0.25,0.25,0.25,0.25
2,0,0,0.25,0
3,0,0,0.25,0.25
1,0,0,0,0.25
2,0,0,0.25,0
3,0,0,0.25,0.25
1,0,0,0,0.25
5,0,0.25,0,0.25
4,0,0.25,0,0
2,0,0,0.25,0
3,0,0,0.25,0.25
5,0,0.25,0,0.25
7,0,0.25,0.25,0.25
9,0.25,0,0,0.25
10,0.25,0,0.25,0
11,0.25,0,0.25,0.25
13,0.25,0.25,0,0.25
12,0.25,0.25,0,0
15,0.25,0.25,0.25,0.25
14,0.25,0.25,0.25,0
2,0,0,0.25,0
1,0,0,0,0.25
3,0,0,0.25,0.25
4,0,0.25,0,0
5,0,0.25,0,0.25
7,0,0.25,0.25,0.25
8,0.25,0,0,0
10,0.25,0,0.25,0
11,0.25,0,0.25,0.25
13,0.25,0.25,0,0.25
14,0.25,0.25,0.25,0
15,0.25,0.25,0.25,0.25
2,0,0,0.25,0
1,0,0,0,0.25
4,0,0.25,0,0
8,0,0,0,0,0,0,0.25,0,0,0
9,0,0,0,0,0,0,0.25,0,0,0.25
12,0,0,0,0,0,0,0.25,0.25,0,0
13,0,0,0,0,0,0,0.25,0.25,0,0.25
15,0,0,0,0,0,0,0.25,0.25,0.25,0.25
21,0,0,0,0,0,0.25,0,0.25,0,0.25
20,0,0,0,0,0,0.25,0,0.25,0,0
24,0,0,0,0,0,0.25,0.25,0,0,0
25,0,0,0,0,0,0.25,0.25,0,0,0.25
28,0,0,0,0,0,0.25,0.25,0.25,0,0
27,0,0,0,0,0,0.25,0.25,0,0.25,0.25
29,0,0,0,0,0,0.25,0.25,0.25,0,0.25
31,0,0,0,0,0,0.25,0.25,0.25,0.25,0.25
33,0,0,0,0,0.25,0,0,0,0,0.25
40,0,0,0,0,0.25,0,0.25,0,0,0
41,0,0,0,0,0.25,0,0.25,0,0,0.25
47,0,0,0,0,0.25,0,0.25,0.25,0.25,0.25
46,0,0,0,0,0.25,0,0.25,0.25,0.25,0
49,0,0,0,0,0.25,0.25,0,0,0,0.25
48,0,0,0,0,0.25,0.25,0,0,0,0
53,0,0,0,0,0.25,0.25,0,0.25,0,0.25
52,0,0,0,0,0.25,0.25,0,0.25,0,0
56,0,0,0,0,0.25,0.25,0.25,0,0,0
57,0,0,0,0,0.25,0.25,0.25,0,0,0.25
59,0,0,0,0,0.25,0.25,0.25,0,0.25,0.25
58,0,0,0,0,0.25,0.25,0.25,0,0.25,0
4,0,0,0.08,0,0,0,0,0,0,0
3,0,0,0.06,0,0,0,0,0,0,0
5,0,0,0.1,0,0,0,0,0,0,0
11,0,0.02,0.1,0,0,0,0,0,0,0
10,0,0.02,0.08,0,0,0,0,0,0,0
24,0,0.08,0,0,0,0,0,0,0,0
30,0,0.1,0,0,0,0,0,0,0,0
0,0,0.1,0.1,0,0,0,0,0,0,0
0,0,0.1,0.1,0,0,0,0,0,0,0
0,0,0.1,0.1,0,0,0,0,0,0,0
0,0,0.1,0.1,0,0,0,0,0,0,0
0,0,0.1,0.1,0,0,0,0,0,0,0
2,0,0,0,0.1,0,0,0,0,0.1,0
6,0,0,0,0.1,0,0,0,0.1,0.1,0
7,0,0,0,0.1,0,0,0,0.1,0.1,0.1
