0.0 5.0 1.0
Linear 42 explicit
 0.000000000 0.0 0.0 0.0 0.0 0.0 0.0 0.0 0.0 0.0 0.0 0.0 0.0 0.0 0.0 0.0 0.0 0.0 0.0 0.0 0.0 0.0 0.0 0.0 0.0 0.0 0.0 0.0 0.0 0.0 0.0 0.0 0.0 0.0 0.0 0.0 0.0 0.0 0.0 0.0 0.0 0.0 0.0
 0.010000000 2.32650309215487E-20 6.094601584411219E-21 -8.477555007384223E-20 -6.750200174082858E-20 -3.6366769090714706E-20 -1.0057949182441416E-19 1.2224966115719393E-6 4.325436683617127E-6 5.5705151480663605E-6 7.718224605093438E-4 7.392984202938579E-4 0.0015031128036920222 7.26933319157714E-5 6.975386583235955E-5 1.4249282544940995E-4 2.3774072218362107E-20 -1.8139056147860046E-21 5.121075521698006E-21 1.1847853985539067E-4 1.1419941874080769E-4 2.3195805344843892E-4 4.3194808591332854E-5 6.629238436397189E-5 1.0586761935822352E-4 -9.678410523069451E-21 -1.1360402984949715E-20 4.346231529722452E-20 3.0509587175312976E-21 8.587736975904364E-21 3.8009429370057283E-20 1.1112644049401006E-19 8.66817545780573E-20 2.9600112562635097E-19 1.696681114641625E-5 -2.9088213028268988E-21 8.578306430155716E-6 -1.339260659120274E-22 -1.339260659120274E-22 -1.3392606591202742E-22 -1.2477818602085417E-21 -7.909632836476351E-22 -3.0165673017599648E-21
 0.020000000 2.5065372479464412E-20 2.5189756638917997E-20 2.6609975189142323E-20 1.1348114219418812E-21 3.2718062168815596E-20 -8.687433231641761E-20 4.1598581665113987E-7 1.8436248204875704E-5 1.9732915532062777E-5 0.003022637833401813 0.002896083781452064 0.005899361289022418 3.409236701666336E-4 3.243172208114283E-4 6.657881135452583E-4 4.098999974978827E-21 1.0996776118548699E-5 2.5490321459714684E-20 4.705799837990026E-4 4.522449735409085E-4 9.218557942693156E-4 9.063575882542439E-5 1.8394802484719813E-4 2.6411249051119253E-4 -7.615997062121099E-20 -9.379240573083711E-20 -3.777188397278109E-19 -1.4273802326814302E-20 3.039316269615613E-21 8.050872054903612E-21 -7.311529206910184E-20 1.8702296452007393E-19 -1.0506791664373489E-18 1.895364682115474E-4 3.719925345514013E-5 2.112413682068661E-4 -2.9607172868269246E-22 -2.9607172868269255E-22 -2.1178984338375716E-22 1.2928587914006482E-20 -9.143850338807445E-21 2.6663966240446094E-20
 0.030000000 -5.41845993116044E-20 1.8448361010945296E-20 5.435202217505671E-19 3.837112201533347E-19 1.3229520489670395E-19 -4.1061993207124505E-19 -3.9215705168305916E-21 4.6334743509252586E-5 4.34810504217163E-5 0.007103637829128351 0.006782173785868805 0.013854551918470282 9.082075768225581E-4 8.591997690983287E-4 0.0017701829506046394 1.996319065019568E-20 1.1902467308623842E-4 2.7741560150669515E-5 0.0011176688454756797 0.0010690244909788303 0.002186605928934801 6.771323533681425E-5 3.0626526128201724E-4 3.597747134320545E-4 6.996887509016359E-19 1.0466605355317912E-19 7.275030419188266E-19 -4.462767889678753E-21 1.1852246451413005E-5 -1.3776656428934797E-20 -2.599556951298841E-19 4.747175112247482E-19 -1.1849050809819116E-19 6.843456451729334E-4 2.173600075825285E-4 8.797516947131707E-4 -7.714358268661625E-22 7.138302612319098E-23 -9.718074447467976E-23 -6.7069679703399336E-21 -3.2356331373819667E-21 -9.184063104076255E-21
 0.040000000 -7.027335474995388E-19 9.602835588505968E-20 -6.148250709332798E-19 -3.360808275080904E-20 -7.174488887002939E-20 -4.1641633066350923E-19 -3.610113901524275E-24 9.13604272870327E-5 7.714414809143044E-5 0.013270223026030922 0.012607333404776091 0.025845981762577935 0.0018566795709030537 0.0017498647112168478 0.003611894929677192 -2.082246898978142E-20 3.9982981068875293E-4 2.4354342299266553E-4 0.0021038993170745734 0.0020020628813782336 0.004110232102532032 -1.0668751610018458E-19 4.033718775637236E-4 2.9001420025879843E-4 -5.1088896619733046E-20 2.555125960461483E-19 2.817717881987385E-19 3.0728245481460464E-21 9.060460036868669E-5 3.0244158272555933E-5 2.5431011134322565E-19 -5.886219883751882E-19 2.4841218451308377E-18 0.001639639876452489 6.1010230558555E-4 0.002226677886860536 1.9203687744505046E-22 5.291644186407918E-22 1.2034195010322749E-21 -1.3982808058819953E-20 -1.5823457055476298E-23 -2.4773542482402006E-20
 0.050000000 -5.487346834359529E-20 -4.1505714064225427E-19 -9.715489505988295E-20 -1.343889222825342E-19 4.6490955741401025E-19 1.3706566197096534E-18 1.3356178037704668E-20 1.5600109684894622E-4 1.2084265707999307E-4 0.021659302494178436 0.020511519446015206 0.04213865317880254 0.0032394438630281926 0.0030446817980190853 0.006293460159371089 2.901567493658888E-6 8.952231063436913E-4 7.275017672511835E-4 0.0034538463978282404 0.0032749710223017384 0.006739696620596733 -8.963819679397069E-20 4.3402916105665716E-4 5.6779651862499616E-21 -3.9409323035804785E-19 6.787852671533784E-19 3.8735877841175945E-19 -6.997195345233566E-21 2.60786287529361E-4 1.8043983012221563E-4 8.895552382437616E-20 6.343000944337607E-19 -5.1437223690210655E-18 0.0031501649936742635 0.0012758159256945614 0.004401314770082113 1.6299157607990103E-21 2.3041708431904944E-21 1.6299157607990103E-21 3.690480209206588E-20 1.1683632499444068E-20 1.2505249998349381E-20
 0.060000000 2.331533264038497E-19 1.2227130176248769E-19 -5.414492564277544E-19 -7.199729684582058E-19 1.2129880069555098E-19 -1.7928850668144205E-19 -2.0722839411420963E-20 2.4237149417210963E-4 1.7470360974975447E-4 0.032284260278847135 0.03049982889108969 0.061909559313327124 0.005080263073921103 0.004764113448170751 0.0098587533457547 6.284971395354608E-5 0.0016354744829948954 0.0015235120675051767 0.005171312383757905 0.004889769305661119 0.010080548119324356 2.9455969591544155E-20 3.77830419366039E-4 -3.7672163837957006E-20 -4.7818363053342246E-20 9.109375017693277E-20 -5.674143755657224E-19 8.07321119707504E-6 5.385191513545876E-4 4.752587587147123E-4 -1.783905247708993E-18 1.6037110116971465E-18 -2.4570085005589016E-18 0.00527209805824652 0.002240409124582426 0.00748518543684145 5.256199229987382E-22 -1.4971453241757093E-21 -8.228902417842271E-22 2.1702447858201678E-20 -1.8373283962365856E-20 -1.2831892727570046E-20
 0.070000000 5.01441895744989E-19 5.234848754335504E-19 -2.5596262780996084E-19 3.272706335708835E-19 -4.9382833078255865E-19 1.2004556911347108E-18 2.186131743595675E-20 3.522447574639387E-4 2.3896319597484125E-4 0.04504272990117974 0.042469356641165364 0.08190955931332712 0.007372464677861412 0.006899959616311761 0.014291911691067631 1.942211365120673E-4 0.002632544720394088 0.0026446939842413816 0.007240790047619597 0.006830065974100549 0.014099968691785064 3.721789770020354E-19 2.2922427272561123E-4 1.071381480509056E-19 4.9152373268984003E-20 6.262941916995243E-19 -1.84195951325216E-18 5.344662456551256E-5 9.309377101751417E-4 9.235901539200146E-4 -1.5717994732937146E-18 1.0073428574281725E-18 6.682715732828832E-19 0.008017123816190403 0.00350151405751878 0.011486441861332844 1.4855299177222227E-21 8.112748353307392E-22 1.4855299177222228E-21 1.7425201869009154E-20 -2.970863082130386E-21 -3.5819870836934754E-21
 0.080000000 -1.7974963233852613E-19 -3.7132215750003583E-19 1.5917506642582004E-18 7.007813299662407E-19 -8.37461482991112E-21 2.745978580454559E-19 -1.3413676344008206E-20 4.869196466886527E-4 3.138203092579601E-4 0.059730576223213774 0.05622297295277958 0.10190955931332711 0.010082251932822273 0.009418738309457587 0.01952433780092491 3.8784198426472576E-4 0.003882392269404091 0.00407652088589701 0.00962986402389012 0.009063942057927467 0.018732296441695207 -3.350415385504201E-19 -1.3358932491838858E-21 9.805396250659947E-20 -7.656119178626391E-19 -6.323041411045434E-19 -1.0124759347716467E-18 1.3346929325002175E-4 0.0014372930530243543 0.0015202421720414854 8.078029799213489E-19 -1.7881575147934225E-18 -3.870736592819627E-18 0.011357366335759693 0.005030459832669035 0.01634725001098234 4.078607515062742E-21 3.404352432671259E-21 1.3815871854968071E-21 3.645182001646976E-21 -1.3695525575588885E-21 -9.776680853656405E-21
 0.090000000 6.341994743874926E-19 7.227646507019242E-19 -3.407601375369743E-19 -2.027368372364928E-19 -7.694628551718127E-19 -1.8910545943403473E-18 3.140628935578692E-20 6.470161438327358E-4 3.991286798274649E-4 0.07605290821207274 0.07148435740800252 0.1219095593133271 0.013150112637911356 0.01226282614637009 0.025437592730665634 6.240192222108161E-4 0.005362469746419879 0.005775752347343437 0.012290987028915318 0.01154588714446994 0.023883094835512944 -3.0046741361000294E-19 4.881006465073171E-21 5.750308474509631E-19 -6.923304839649863E-19 3.069112345177049E-19 -1.631119181741291E-18 2.3891309349977075E-4 0.0020480887734691364 0.002245109413617573 -9.126033725670984E-19 -1.2111801387059762E-18 -5.2840667458489495E-19 0.015223988482133596 0.006773593283201333 0.021943985225234806 2.9672965602505027E-22 -3.7752542058995995E-22 -3.775254166085456E-22 3.2883384660677886E-20 5.8385411434389485E-6 -2.297805025790493E-20
 0.100000000 5.957533173291009E-19 7.01568687420626E-20 -9.27221337511346E-19 -1.977025666475501E-18 2.195357430481444E-19 -3.0543498083020163E-18 1.973555569590367E-20 8.322273527429725E-4 4.939587479056844E-4 0.09363984064832079 0.08789711605998962 0.1419095593133271 0.016493744769765322 0.015352814834886526 0.03186883211095269 8.680656441383584E-4 0.007040596975027367 0.007674122884177326 0.015163392858872806 0.014216812683473983 0.02943143555121096 2.4133263819769897E-19 9.260842586545391E-20 -1.6495530729168896E-19 -2.8949351760419813E-19 5.971258539486175E-20 7.499260508771636E-19 3.536838048285845E-4 0.002747398601653663 0.0030651123760509586 -5.384418897088944E-19 4.42309778290038E-18 -9.809518043945876E-18 0.01951847954824303 0.008649314977631689 0.02809522828109308 -8.041786555564831E-22 -4.67051115247729E-22 -4.670510993220713E-22 -1.3288111182344713E-20 2.9364708266238643E-5 -2.280590911831606E-20
 0.110000000 -1.0304929368780307E-18 -1.435245473119418E-18 1.1807532889036726E-18 -3.2276868490749737E-19 -8.311604008073623E-20 -1.7272361961732244E-20 7.225484289609718E-21 0.001041014443795892 5.964823738364104E-4 0.11205174250816144 0.10504222149062148 0.16190955931332712 0.020011447742841998 0.018591046021740026 0.03861838103782163 0.0010769667034568864 0.008871292883313286 0.009682856238013397 0.018174230057797818 0.01700652430273096 0.03523393952715949 -5.161535548870762E-19 7.25587484865241E-20 1.8581133482683644E-19 -7.542995529547533E-19 2.1433820808970165E-20 1.4949582914346088E-19 4.5683458223484886E-4 0.0035127333214556565 0.003936489152460135 -2.3905196251509794E-18 4.649524832884901E-18 6.230033247583387E-18 0.024112748155701313 0.010557041941821768 0.03457200375532628 -1.5019019865179222E-21 -1.5019019705922646E-21 -1.5019019705922646E-21 -8.116216233268896E-21 6.964778909604113E-5 -3.671686710238692E-22
 0.120000000 4.3058515814928814E-19 4.3100825925985507E-19 3.650602824927152E-19 6.840719452166069E-19 -9.172353435970874E-19 2.4967163631760136E-19 -1.0963760576504071E-20 0.0012673423365171595 7.036454029426724E-4 0.13076962883823984 0.12242946453666015 0.18190955931332714 0.023578922440072425 0.021858249345304857 0.04545474161725728 0.0011793800083922449 0.010776615750435805 0.011695825031359687 0.02123877014923109 0.01983399497223492 0.04112701102714796 1.0986408270360067E-19 2.3590471712478915E-20 -2.884646399381806E-19 1.345716428079587E-18 4.197443939492161E-19 -2.7077428843112223E-19 5.223352019345406E-4 0.004315148310917711 0.004806316406759503 2.4171212613772482E-18 -2.1876065638490186E-18 -8.925430388324596E-18 0.028836228640679494 0.012362708539752767 0.041104556192239176 -2.3926010010657588E-22 -2.3926010010657588E-22 -3.235419851855354E-22 -6.405154862323038E-21 1.199554008015241E-4 2.2747317297775054E-20
 0.130000000 -1.2610414198243573E-18 5.718007706328223E-20 7.432108532806759E-19 2.5246966942302507E-19 -1.2689827427279093E-18 -1.380110752197219E-18 5.439546140351554E-20 0.0015065856404426088 8.11322417844946E-4 0.14924126908994034 0.1395409697603866 0.20190955931332716 0.027062275215532443 0.02502695293343693 0.05211942520066844 0.0011156883550936013 0.012687448396058402 0.013590868067375925 0.02426423166461886 0.022610917430690054 0.046931250306992134 4.180650606820801E-19 -8.320026402149866E-20 -4.0922689474656606E-19 4.2358551351284416E-19 2.0890693948527029E-19 1.2778055718212443E-18 5.205460493674733E-4 0.0051210434948729105 0.005612997078380377 1.2727490232843067E-18 3.980462632309302E-18 1.2161506894073927E-18 0.03351055622749522 0.01393408084502505 0.047387977962280045 1.7254558131634686E-22 1.7254557932563963E-22 8.826369623736413E-23 9.975401209804573E-21 1.760951393568695E-4 -2.6453593183629397E-20
 0.140000000 2.6835129128651186E-19 6.074343571316534E-19 5.865648901500998E-19 -7.388115455299551E-19 6.412532937796411E-19 -2.591878433314274E-18 -2.4113038155682827E-20 0.0017563750428768701 9.145856906275656E-4 0.1668947072140519 0.15584192461916388 0.22190955931332718 0.030323307746904924 0.02796684842861733 0.05833504421861358 8.450109312625254E-4 0.014551588799206984 0.015236300669675648 0.027151748310235264 0.025243409042282654 0.0524545198744749 -2.0535772868803157E-19 3.0224213005670533E-5 -3.3559470895906303E-19 7.311907806403858E-19 3.758143630334187E-20 -5.1087746648639665E-19 4.202239235662886E-4 0.005894185554766345 0.006289773115338243 1.2045194286223904E-18 -8.557672329309147E-19 -7.605468226385357E-18 0.037960408908166515 0.015150149920768352 0.053095210311091295 -9.218707507146406E-23 7.637671101147034E-23 2.4494046524308935E-22 -6.647805799267764E-20 2.377324769966855E-4 1.922676546775104E-21
 0.150000000 1.294358870053365E-18 -1.279253387011777E-19 -4.721701972764928E-19 -6.026759295927604E-20 -9.143644151282746E-19 -8.906934646507385E-19 1.2586400119452522E-20 0.002011197210520861 0.0010084887655498248 0.18312640060010868 0.17076879494518224 0.2419095593133272 0.03320978215242625 0.030534289184740285 0.06380776993988199 3.000552383298592E-4 0.01628952756570743 0.016486936667859775 0.0297983174288553 0.02763384220586663 0.057498338780082314 -3.935891385556744E-19 2.964619378721826E-4 3.674551663363045E-19 -8.307880243924612E-19 -1.5350512073462222E-19 -3.3516168297921456E-20 1.8573344179152247E-4 0.00659335458243799 0.0067619624434305135 6.08974882833486E-19 -1.5873038946318924E-18 3.4314826463352243E-18 0.04197912550950478 0.015862824758618953 0.057873316534030786 -1.6193740105968436E-21 -9.451189936890978E-22 -1.6193738831915822E-21 -2.4159150026890377E-20 2.992497769305958E-4 6.404027265706096E-20
 0.160000000 -1.0534992266894158E-18 4.85160191596239E-19 5.230900140717351E-19 2.350562582341824E-19 7.030373481136339E-19 2.0929193622550147E-19 -2.789148902214891E-20 0.002266160073631418 0.0010888464765067328 0.1973318867952653 0.18375349106330702 0.2619095593133272 0.035564471035216476 0.03258105728891528 0.06823358749188987 3.727826977476714E-20 0.0178185070518445 0.01718776130110947 0.032100338272799143 0.029683624831517392 0.06186205793737289 -8.152002113912794E-20 9.045867195018574E-4 7.942365429747432E-20 1.6754633205247858E-19 1.458684328028388E-19 -1.7557265710682394E-18 4.893652229993473E-20 0.007174802205192073 0.006948882272381279 2.0677676707521943E-18 -2.034815173364909E-18 -8.28799531875901E-19 0.0453522752106397 0.0159149140680832 0.06135182943779782 1.5504022444309377E-21 2.898912532923658E-21 8.761471001845782E-22 1.6346794451605912E-19 3.544785328570274E-4 1.2307368194547753E-19
 0.170000000 1.3134665926857722E-18 2.3327377675972485E-19 -2.5344662342608566E-19 -6.588701013723527E-19 1.0229838046313214E-18 -5.006553770597039E-19 -3.608808655555448E-20 0.002517729649848406 0.0011526039526461923 0.20888837914075856 0.194219077680512 0.28190955931332723 0.0372323498700065 0.03396149360525842 0.07131208347207854 -4.5062737310329175E-20 0.019057937822766748 0.017193082603602458 0.03395230557050072 0.03129321824803129 0.06534087364194391 -1.0483889088177453E-19 0.0019217541675244233 1.6001823179805221E-4 -1.4101644874955963E-18 1.36883882413519E-19 5.250255134555555E-19 1.4206679193471155E-19 0.007597637999959285 0.006774982475597713 -5.817414323119353E-19 1.0086252065326667E-18 -2.55141466888072E-19 0.04787159976314796 0.015159186804465164 0.06317565859999366 3.1482200626144006E-21 4.4967303507782545E-21 3.148220572235445E-21 5.768321412406651E-21 3.997948753512811E-4 -4.0796955101305117E-20
 0.180000000 2.1528061417002975E-19 -2.2795467647754815E-19 -4.348780052351269E-19 -3.551482214836631E-19 1.740578711245208E-19 -7.653608949346567E-19 -1.1058288440770491E-20 0.0027637724606988817 0.0011986462423607478 0.21719036640383443 0.20159735394964956 0.2988550272728872 0.038064255706726766 0.034537633865870755 0.07275386160951272 -4.227344888351477E-21 0.01993586540800026 0.016367482572439723 0.03525182692623406 0.03236572755523577 0.06773353957966533 8.939412931217049E-20 0.003416500398024331 0.0011119865939531093 -5.572001277961923E-19 -6.06572181152589E-20 -1.2168589551025825E-18 1.463836125667432E-19 0.007823849975772354 0.006169984424007089 -3.479865794813234E-19 -5.935648433635489E-19 -1.6115121068875924E-19 0.049338318236436106 0.01346316862107042 0.06301057141904828 7.142698265587711E-21 8.491208553111348E-21 5.7941879780640596E-21 9.062782411082776E-20 4.3280729041140695E-4 -7.747373418564857E-20
 0.190000000 -4.413362743692174E-19 3.3520622443838575E-5 2.4954132238599866E-20 -4.1122115353228973E-19 -1.3259754910182194E-19 -1.6282225257392625E-19 4.29712905523451E-20 0.0030051140614844687 0.001228776728816499 0.221712517024526 0.2053769992715855 0.30838768225043706 0.037921681727595864 0.03418961093960637 0.07228845673741145 1.7840841839713031E-19 0.02041169288887061 0.01457987032804574 0.035908111537494077 0.032814438637817016 0.06885727117241908 -2.8179561790378186E-20 0.005509896353804997 0.0030089276384152384 3.601574621701503E-19 1.0871488378414636E-19 -4.115388711102392E-18 -2.913976454666781E-19 0.007818633821932144 0.0050647383621425755 2.0095058962727662E-4 1.0269661105731071E-19 2.309765249345335E-19 0.049566489920471225 0.010723746799545733 0.06053960864535184 4.9731514789840004E-21 7.670172052008936E-21 7.670172052008915E-21 -1.8742307382037226E-19 4.5272287602982867E-4 -1.3730888365754107E-19
 0.200000000 -3.188565026507047E-20 6.352964694904454E-4 4.181248183106036E-4 -1.1213174537025279E-19 -2.387642022148876E-19 2.3232271147216645E-19 -8.01309967476617E-20 0.003245352738429014 0.0012472544221427142 0.22196077544741674 0.2051376906099932 0.30962973972862823 0.0366891781107062 0.032795126714527015 0.06968736970697127 -4.1581502582234214E-20 0.020371433497922576 0.011718094144200941 0.03584389069323589 0.03256847534514979 0.06855974151211836 1.6133261378264508E-4 0.008144834513344575 0.005954358107626706 9.606297806871416E-19 -4.497603246650063E-20 -1.742471153472177E-18 3.984935189219482E-19 0.007549840827590495 0.003398592910390139 0.003029369800177489 7.00228226674058E-4 0.0033762472184320157 0.04840387837607985 0.006788776601400074 0.055498559110220856 9.524013554793699E-22 9.523993169952264E-22 2.7814417438387755E-22 1.1005662336329508E-19 4.6100644203930866E-4 1.1817339485409592E-19
 0.210000000 5.345821953385481E-4 0.001975883558019409 0.0023037399553059094 4.7574699002072345E-5 1.1293745357617176E-4 1.6094457742854605E-4 1.0945197901529912E-19 0.0034884896750760276 0.0012594976906248746 0.21765431474195285 0.2006024350912494 0.30199485566497813 0.03428487153644464 0.030289981403303006 0.06478998661071272 -4.615418410411328E-19 0.01980053605439971 0.007701669218977236 0.03500916664321187 0.03158085113250788 0.06673633991243022 8.235066204941188E-4 0.011414521670673757 0.010019173499642662 -9.111391783949845E-19 -1.5682154395478571E-19 1.5414496934820365E-18 6.196663928957991E-19 0.006995025858239305 0.00112571107002319 0.009231613007502616 0.00498087767211704 0.01392369766764283 0.04573797271570765 0.001619631970044034 0.047705844267104114 2.86163835864585E-6 2.86163835864585E-6 2.8616383586458498E-6 2.3403480256118777E-20 4.5892468924324986E-4 -3.4586936611560093E-20
 0.220000000 0.0018136357505890253 0.004052657492257751 0.0056519822938634 5.815223098688776E-4 7.814561919811373E-4 0.0013504476314369243 1.2031665562018872E-19 0.003737697872220839 0.0012693065096984074 0.20868889675741062 0.19168513230539225 0.28528811160960277 0.030677488524856654 0.026648718119583515 0.057535474935496204 -4.809088779010036E-19 0.01868094456038981 0.0025001489976170122 0.03338477106561436 0.02983526055079844 0.0633474932642267 0.0020006699849164393 0.015322962473040831 0.015217019709614268 -1.767900267210293E-18 -2.0498918214652963E-20 -1.5933930534689813E-18 -3.612693754625137E-19 0.00614294012313364 -3.7343063303496706E-19 0.018826178956957606 0.013114496259397148 0.031696279741894075 0.04152937184415441 1.781128029408955E-18 0.037104101277564534 2.2188295760025325E-5 2.2188295760025335E-5 2.2188295760025332E-5 1.00398659103655E-21 4.478565550955412E-4 4.571104984895483E-20
 0.230000000 0.0037908242472912937 0.006820651552664781 0.010373233643374655 0.0016691567301889171 0.0020075169056225457 0.0036348536394086306 3.2281701459175966E-20 0.00399234382181183 0.0012761185187926704 0.19522358568735407 0.17853188238678808 0.26528811160960275 0.02589588040754432 0.021900890611336387 0.047983972049219205 -1.3452465510632788E-18 0.01702870220489156 7.219925059641237E-19 0.030992238529044484 0.02735192517132203 0.058436550494167495 0.003663700673683388 0.019847563841108272 0.021499519749337087 3.336209276788193E-19 -2.2518116202296023E-20 1.9281364090938378E-19 -3.3667372193131005E-19 0.004996021002311605 -1.0625450389917127E-18 0.03165921470398032 0.024908366293746535 0.05169627974189408 0.03582639957527758 -1.7753040023872827E-18 0.02377706546318463 5.7722937270950096E-5 5.772293727095013E-5 5.7722937270950116E-5 2.0056820303335061E-19 4.2496898074545654E-4 1.300021276819804E-19
 0.240000000 0.0063784571880768715 0.01019740224959601 0.016304526259176676 0.0032451757417636938 0.0037256918811009 0.006890661196389477 -4.588348399498297E-20 0.004248613980001794 0.0012745802988863638 0.17765267342825045 0.16151095584335892 0.24528811160960273 0.020030549489613463 0.016130975429779888 0.03631772249893077 -2.556741120904348E-18 0.014893054790874688 -1.740773896757877E-18 0.027890442700474402 0.024185855200296588 0.0521246092650626 0.005749526836199369 0.024930571550005595 0.028752793281325472 -6.729756420454709E-19 3.5634561206026717E-5 1.919275276581548E-19 -2.0111202037869516E-19 0.0035730785988393986 3.9384594581102937E-19 0.047405903753769324 0.03997215279569891 0.07169627974189408 0.028767958352936003 1.1571795785703804E-18 0.00795573616466684 1.0222159126632065E-4 1.0222159126632069E-4 1.0222159126632065E-4 1.0867680396616816E-19 3.862599316710152E-4 1.4027050410291202E-19
 0.250000000 0.009454887360821148 0.014071226953320292 0.023223058881111886 0.005217899131326134 0.0058442430478123164 0.010944932507160289 2.5474680457453392E-20 0.004501550028428162 0.0012570828566264578 0.15765267342825043 0.14172201839007448 0.22528811160960271 0.013233509618496795 0.009477906251620902 0.02283822542892305 -1.3161973691291672E-18 0.012358312141122731 -1.8770359792851727E-18 0.024177400012984872 0.020427472710933516 0.04461053107475747 0.008161260950496553 0.030488085376082507 0.03680801028378722 -8.562440121468124E-19 2.2235353772608675E-4 1.0563138434768518E-18 -9.94000553477235E-19 0.001911653711607253 6.104023848637906E-19 0.06559844957640593 0.0577321046070038 0.09169627974189407 0.020581737956308493 -6.11793121688259E-19 -4.3477041244711723E-20 1.4531407752385944E-4 1.453140775238595E-4 1.4531407752385947E-4 2.17135444489578E-19 3.279686945923143E-4 1.938807863770756E-19
 0.260000000 0.012877001016755834 0.018311875761243747 0.03086472899978195 0.007478687881100527 0.008253412301558884 0.01558847680719653 -5.966948692884384E-20 0.004747567505076851 0.0012180075866712404 0.1376526734282504 0.12172201839007447 0.2052881116096027 0.0057122172058377335 0.002133484185939421 0.00795398702526312 -1.2682683891171401E-18 0.009541597640911831 -1.148586131369652E-18 0.019989437994253165 0.016202920221907422 0.03616596651094574 0.010776279932477047 0.036425917940831075 0.045458207372063894 6.532561225094278E-19 5.686163955312005E-4 -1.392089943313239E-19 -5.633626627574719E-19 6.741583546478094E-5 -7.785858692777404E-19 0.08543539002662351 0.07740398483109039 0.11169627974189406 0.01156266177519105 -7.911265125015102E-19 3.550586240225112E-18 1.7781236140645775E-4 1.778123614064578E-4 1.7781236140645775E-4 7.493658379514487E-21 2.48813065125213E-4 -1.24213076818591E-19
 0.270000000 0.01648938136138636 0.022780466051420974 0.038940027934007845 0.009907770330704294 0.01083509397358134 0.02058810613244745 5.943889118568051E-20 0.004991131066847271 0.0011570498856386443 0.1176526734282504 0.10172201839007448 0.18528811160960268 4.08215077837669E-19 -8.350923060340401E-19 -2.9863294315581435E-18 -1.921566807861492E-19 0.006588082674351224 -4.625497825569168E-19 0.015497758943733175 0.01167074280644481 0.027125135812657148 0.013467062250634487 0.042630502941522486 0.05447146215258538 5.334851174411897E-20 0.0011020816542147848 -5.119721590140626E-19 1.0323254815240972E-18 -4.849750714161285E-19 -9.543439943062432E-19 0.1054353900266235 0.09740398483109038 0.13169627974189405 0.0020819393150145623 -4.703760782051135E-19 5.528645593775493E-19 1.9532225295519452E-4 1.9532225295519458E-4 1.9532225295519455E-4 -5.6904879300817846E-21 1.574146701089073E-4 2.842297493158245E-20
 0.280000000 0.02013336525236197 0.027333704057985395 0.047145311086992915 0.012381119185568895 0.01346777510300938 0.025696416404779893 -3.466777142072069E-20 0.0052432957539930896 0.001080875305932029 0.09765267342825042 0.0817220183900745 0.16528811160960266 -2.2819931290263187E-18 7.54762388040387E-19 -2.0337409284735306E-19 -3.059207824859538E-18 0.0036592193560276705 -3.1390280621981258E-18 0.01090146766270364 0.007017535698987611 0.01787173214483546 0.016110154205880026 0.048979650703682646 0.06360371397116774 -8.510865267477527E-19 0.0018469832987769276 -6.189955018734936E-20 5.36589196180334E-19 1.0927174264651447E-19 -3.8640935165490664E-19 0.1254353900266235 0.11740398483109037 0.15169627974189406 1.3027666478152976E-18 -2.1085882011307202E-18 8.190526411034911E-18 1.9986695285364E-4 1.9986695285364003E-4 1.9986695285364005E-4 -8.001548478391376E-21 7.033615047016496E-5 -1.312786384546853E-19
 0.290000000 0.02364994571666095 0.031824510207403185 0.05516707065798291 0.01477334006172117 0.016025977385497898 0.030655250505501688 -9.609056307647785E-20 0.005516585653343108 0.0010017414744578953 0.07765267342825043 0.0617220183900745 0.14528811160960264 2.8485506244514624E-18 1.9474126911593008E-18 -2.460072129822782E-19 2.8939786635742332E-18 9.25252051125558E-4 5.112987164675944E-18 0.0064187639072005925 0.00245017470771512 0.008823490955118177 0.01857891942376254 0.05535576920758086 0.07260322575183574 -7.201735384275E-19 0.0027929554666110924 3.039496474661229E-19 -1.3579761312201164E-18 2.0885821576912198E-19 2.839122237114373E-19 0.1454353900266235 0.13740398483109037 0.17169627974189408 -2.379566940452546E-18 1.5381926505031204E-18 -3.105235345774753E-18 1.988086580245909E-4 1.988086580245909E-4 1.988086580245909E-4 1.1883816601062695E-19 5.162178554665677E-6 2.553044853172174E-19
 0.300000000 0.026875700690494535 0.03609790688721794 0.06267742035621474 0.016952032164073285 0.018379290806306653 0.0351922570915349 4.787399506363966E-20 0.005825702954609203 9.346506119621773E-4 0.05765267342825043 0.04172201839007449 0.12528811160960263 -1.7668049337999106E-18 5.8571011269204525E-18 -2.229779275933268E-18 9.500471194108106E-20 -4.71897337394581E-20 1.1065231516739498E-18 0.00227994071491472 6.475287699818271E-19 4.2239330589173985E-4 0.020758410566719215 0.061623417952169496 0.0812116614068598 -1.247226053305914E-18 0.003917652595475721 8.01254117163385E-19 5.129514524810114E-19 -6.580279429421724E-19 9.141431223703658E-19 0.16540439221205946 0.1565080859774803 0.1916962797418941 5.594195260152969E-19 -3.703490877211224E-18 4.572975536325057E-18 2.0179502799122644E-4 2.0179502799122644E-4 2.0179502799122644E-4 2.7207776733016497E-20 -3.754737175329344E-21 1.9259351631769304E-19
 0.310000000 0.029636983989953958 0.0399862565021809 0.06932715880528034 0.018777845615862307 0.020389042949412416 0.03902147748642743 -1.7549920008456466E-19 0.006181355349853117 8.92980823188419E-4 0.03797706735971394 0.022194246468023395 0.10528811160960264 1.988238252834829E-18 -1.2622391128592343E-19 -2.71739874691881E-18 1.3665010132981843E-18 2.832109433026216E-19 3.112703764424295E-18 1.891087727418836E-18 -9.761732107491321E-19 2.0549202568488144E-18 0.022524293948400335 0.06763727898210181 0.08915043753706146 1.5785764290738476E-18 0.005184579590435661 2.2631500077888033E-18 -1.4308149153776796E-18 -2.1201372248013563E-19 7.063725872840569E-19 0.18372315603174846 0.17310876946509934 0.21169627974189412 2.008710572537651E-18 1.6430674148091007E-18 -1.2445231239934343E-19 2.1669204107081915E-4 2.1669204107081915E-4 2.1669204107081918E-4 6.736491123222955E-20 3.605333751110144E-5 -8.828016681507893E-20
 0.320000000 0.031743856255034786 0.04330478450430164 0.07474078600985948 0.020095088571363228 0.021903656674466414 0.04183482140243785 2.5788172739442703E-20 0.0065893806837084255 8.834114772928248E-4 0.022156131259462593 0.0064450636518369195 0.08528811160960265 -2.574171415677384E-18 5.193421987320221E-19 -2.8827993019538925E-18 -1.5230828271053213E-18 3.1052548789018876E-19 -1.465954753511756E-18 -5.789513268980113E-19 2.425062077716269E-20 8.159499177249739E-19 0.023758239655700324 0.0732243911157714 0.0961294757632574 -6.10451692996345E-19 0.006558055423248049 3.453561238654836E-18 -3.593419952109137E-19 7.48600851880671E-19 -9.960074923293528E-19 0.19911094687941402 0.18621536915268277 0.23169627974189413 -8.110104479710834E-19 -1.9200908205870224E-18 3.6593094640448164E-18 2.444958978902907E-4 2.444958978902906E-4 2.444958978902906E-4 -1.6053502931883364E-19 1.4274550435802301E-4 2.0858007425199616E-19
 0.330000000 0.03298615379198045 0.045846174581108366 0.07851196562746691 0.020733822112171753 0.022755518282143648 0.043305862005112626 -1.949642756352382E-21 0.00704105009480025 9.004278216647545E-4 0.012057644621903792 -7.392762634477236E-19 0.06631638644060744 1.1771141519721217E-18 1.3552126443691357E-18 -1.462770691281035E-18 -1.1109410248961039E-18 -2.0749226515048027E-20 -2.3912850723220534E-18 3.1647791249272156E-19 -5.55595806276127E-19 -9.764086900853843E-19 0.024322112290413214 0.07819696223851655 0.1018337593813445 1.1193701376089955E-18 0.0079849572228913 1.4774539749944938E-18 -1.0092732004752689E-18 8.54779827848388E-20 1.2768811189147398E-18 0.21062263895579592 0.19480823467159747 0.2513809969847926 1.5943708872187433E-18 -2.134410464041584E-18 1.7339892866220797E-18 2.7410000246746774E-4 2.741000024674676E-4 2.741000024674675E-4 -5.231667837676387E-19 3.160579701499164E-4 9.767930786462056E-20
 0.340000000 0.03313376150465802 0.047381581592936504 0.08020875120269298 0.020510556797014766 0.02276343829436519 0.043096999288389316 -8.893201091997302E-20 0.00751110493858646 9.221654407839421E-4 0.008788633261051696 -1.0903035702078734E-18 0.05861737985592589 1.6327158443804165E-19 -1.492892897608139E-19 7.853984136983052E-19 1.7409429526700574E-18 5.179878211368555E-4 1.7863872097941463E-18 -1.4260343812434513E-19 1.135966415487493E-19 2.6462901683012272E-19 0.02406284770570882 0.08234493732989746 0.1059262235852551 -8.915595103888167E-19 0.009410958661783908 9.6815485363152E-19 4.854551132827193E-19 6.999197293336061E-21 -1.8045853299450062E-19 0.2173091870446472 0.19786894016397968 0.2627553747254968 -1.9505071623763184E-19 -1.4974165143523905E-18 -4.836542105818996E-18 2.7841820976214234E-4 2.784182097621422E-4 2.784182097621421E-4 4.576224286396024E-19 5.344929069495228E-4 -5.806645597701121E-20
 0.350000000 0.031954045720096975 0.04767742496435177 0.07940623919505056 0.019245886659230296 0.021750042880845914 0.040892762523801134 -3.577599332262122E-20 0.007959216797015264 9.11642123407998E-4 0.01321588750820599 0.0032878574302640565 0.06597522961297295 4.604755781595693E-20 -1.766588069855375E-20 -1.0637238281418907E-19 -5.217854285812627E-19 0.0020253381544320446 -5.504598215528044E-19 6.418481875343721E-4 2.579531671224623E-4 9.052572486380367E-4 0.0228190315036066 0.08544669095675991 0.10806543889189171 -6.457711145797491E-19 0.010795742894947568 3.476450985263329E-18 -2.1100325409193117E-19 3.261294387372545E-4 2.7732792979636135E-19 0.2182903118677352 0.19446287876561347 0.26201578588053825 9.545048356285749E-4 -1.080152225705025E-18 2.021729294624727E-19 2.1625092003377665E-4 2.1625092003377648E-4 2.1625092003377638E-4 -3.015523799501693E-20 7.607958768090004E-4 -1.1149691325163289E-19
 0.360000000 0.029243758069260127 0.0465241230663908 0.0757351276355329 0.016792688098815976 0.01956988414428575 0.03644398761994213 -4.293294947786762E-19 0.008340687523077655 8.278541187370243E-4 0.025871820810374556 0.014383038871270265 0.0856741960299633 0.0014628259889850482 8.68356864583606E-4 0.0025342275550062562 1.133648252819019E-18 0.0045521351125334345 -1.5213042903183283E-19 0.002623020230334368 0.0017372832346219482 0.004539240852349777 0.020446189679331633 0.08729015332650432 0.10793804547666372 -3.815215511862381E-19 0.0121225701764552 -9.675497810107608E-20 2.888516816117273E-19 0.001159951227797305 -1.2150329968543103E-19 0.21283444135549662 0.18384085173632755 0.24772583620482558 0.00474086800742039 8.024579747573301E-19 9.208713703986699E-4 4.417048449900341E-5 4.417048449900328E-5 4.417048449900308E-5 -1.9194602124560375E-20 9.52967785421061E-4 2.617197451324783E-19
 0.370000000 0.024868024917140737 0.04377186383196575 0.06893684446778096 0.013067505350098896 0.016141628375121047 0.029612152819748043 3.0544667116630737E-19 0.008625055464231162 6.44671850665744E-4 0.045349896026545225 0.032926978422071325 0.1056741960299633 0.00509609865659048 0.0037939776249243627 0.009433016364523795 -6.312838412469699E-20 0.008093200347220008 0.0012610192936390594 0.00594263426972225 0.004500744680069649 0.01093245486853164 0.01685618570418773 0.08770162918145033 0.10530478959406113 2.111002206901369E-18 0.013405016768267405 -2.1103468610388517E-18 -3.844610805815283E-19 0.002482735542682123 2.9763782649172045E-4 0.20042835902150946 0.1656652200450986 0.22772583620482556 0.011445078328540928 5.0870676924397246E-20 0.006889978181168349 -5.512314415068554E-22 -4.370355852894289E-20 -1.300081800880728E-19 -6.494183053219654E-20 0.001083743317375985 7.20239427092041E-20
 0.380000000 0.018781444933293853 0.039352924257207156 0.058893778013815776 0.008071287205404369 0.011468308619239618 0.02039687474462823 2.7896269581287224E-19 0.008810084532157205 3.643822095972288E-4 0.06534989602654523 0.05292697842207133 0.1256741960299633 0.010885541643158294 0.008774976510292085 0.020675481198644558 -2.797300897338585E-20 0.012631422053900323 0.004833034624830982 0.010564486381775156 0.008521804232196457 0.020017867459393667 0.01201839600868627 0.08656062276005706 0.1000081863000374 1.7699455134013137E-19 0.014712212846767806 1.5049958030698428E-19 -6.89016830886288E-20 0.004284240734759388 0.001725225664890167 0.18152341189151866 0.14566522004509858 0.20772583620482554 0.021070189868940395 0.0013408952940703333 0.018449825167462415 9.348908540061857E-21 5.250123545979626E-20 9.565356237953117E-20 2.167842054706298E-20 0.0011559677718763488 1.8510194038316412E-19
 0.390000000 0.011028226061671233 0.03328563408225576 0.04563358033837663 0.0018657356246925675 0.005612665173240261 0.008887828304417401 1.6382103471005232E-19 0.008922359006415836 1.9542107653529558E-5 0.08534989602654522 0.07292697842207133 0.14567419602996332 0.018751556214567346 0.015747274594464317 0.036082885338741204 -1.8420355167623362E-20 0.018115836049587834 0.010667787026652858 0.01644071902553736 0.013763334114378972 0.031675912806709006 0.005996806838816806 0.08385579639711548 0.09206279066350627 -1.6125397554718365E-18 0.016079227013657448 -4.870178616897116E-18 2.869789789609838E-20 0.00654773626331209 0.004249775180109711 0.16152341189151864 0.12566522004509856 0.18772583620482552 0.03349377972603328 0.005241364162773394 0.03546351641758208 -1.0524037823778008E-19 -1.0524031300628989E-19 2.421666824127974E-20 1.6131398738338986E-19 0.0011954063757348599 2.2769217135612386E-21
 0.400000000 0.0017386985203427952 0.025671158474533884 0.0293297732731692 -1.552081649408273E-18 2.931538967311027E-19 -7.719224109146112E-19 1.927582111566934E-19 0.009008925708764853 1.1284991534472888E-19 0.10534989602654521 0.09292697842207132 0.16567419602996333 0.028556853301386666 0.024595123623530404 0.05525511623761014 8.229184110802111E-4 0.024473032873563158 0.018636554678115296 0.0235058674938388 0.020171887569576618 0.045729924972496616 5.764883054046829E-19 0.07968358368311772 0.08163340555203719 1.803448026133258E-18 0.0175104956254877 -2.6909121423589205E-18 2.3679751493616791E-4 0.009253054408775689 0.007809152478982443 0.14152341189151862 0.10566522004509857 0.1677258362048255 0.04849274211106439 0.01164340878094797 0.055463516417582084 1.0037444781663927E-19 1.8667897236997082E-19 1.4352674270904982E-19 4.1672458442616164E-20 0.0012439397304275476 -3.9964325185365244E-20
