0.0 5.0 1.0
Linear 12 explicit
 0.000000000 0.048597 0.0 0.188234 0.021285 0.0 0.134353 0.064675 -0.047396 0.184976 0.064675 0.047396 0.184976
 0.010000000 0.048597 0.0 0.188234 0.021285 0.0 0.134353 0.064675 -0.047396 0.184976 0.064675 0.047396 0.184976
 0.020000000 0.048597 0.0 0.18823400000000004 0.021285 0.0 0.134353 0.064675 -0.047396 0.184976 0.064675 0.047396 0.184976
 0.030000000 0.048597 0.0 0.188234 0.021285 0.0 0.134353 0.064675 -0.04739600000000001 0.184976 0.064675 0.04739600000000001 0.184976
 0.040000000 0.048597 0.0 0.188234 0.021285 0.0 0.134353 0.064675 -0.04739600000000001 0.184976 0.064675 0.04739600000000001 0.184976
 0.050000000 0.048597 0.0 0.18823399999999998 0.021285 0.0 0.134353 0.064675 -0.047396 0.184976 0.064675 0.047396 0.184976
 0.060000000 0.04859700000000001 0.0 0.18823400000000004 0.021285 0.0 0.134353 0.064675 -0.047396 0.184976 0.064675 0.047396 0.184976
 0.070000000 0.048597 0.0 0.188234 0.021285 0.0 0.134353 0.064675 -0.047395999999999994 0.184976 0.064675 0.047395999999999994 0.184976
 0.080000000 0.048597 0.0 0.188234 0.021285 0.0 0.134353 0.06467500000000001 -0.047396 0.18497600000000003 0.06467500000000001 0.047396 0.18497600000000003
 0.090000000 0.048596999999999994 0.0 0.18823399999999998 0.021285 0.0 0.134353 0.064675 -0.047395999999999994 0.184976 0.064675 0.047395999999999994 0.184976
 0.100000000 0.048597 0.0 0.188234 0.021285 0.0 0.134353 0.064675 -0.047396 0.184976 0.064675 0.047396 0.184976
 0.110000000 0.048597 0.0 0.188234 0.021285 0.0 0.134353 0.064675 -0.047396 0.184976 0.064675 0.047396 0.184976
 0.120000000 0.048597 0.0 0.188234 0.021285 0.0 0.134353 0.064675 -0.047396 0.184976 0.064675 0.047396 0.184976
 0.130000000 0.048597 0.0 0.188234 0.021285 0.0 0.134353 0.064675 -0.047396 0.184976 0.064675 0.047396 0.184976
 0.140000000 0.048597 0.0 0.188234 0.021285 0.0 0.134353 0.06467499999999998 -0.047396 0.18497599999999997 0.06467499999999998 0.047396 0.18497599999999997
 0.150000000 0.048597 0.0 0.188234 0.021285 0.0 0.134353 0.064675 -0.047396 0.184976 0.064675 0.047396 0.184976
 0.160000000 0.048597 0.0 0.188234 0.021285 0.0 0.134353 0.064675 -0.047396 0.184976 0.064675 0.047396 0.184976
 0.170000000 0.048597 0.0 0.188234 0.021285 0.0 0.134353 0.064675 -0.047396 0.184976 0.064675 0.047396 0.184976
 0.180000000 0.048597 0.0 0.188234 0.021285 0.0 0.134353 0.064675 -0.047396 0.184976 0.064675 0.047396 0.184976
 0.190000000 0.048597 0.0 0.188234 0.021285 0.0 0.134353 0.064675 -0.047396 0.184976 0.064675 0.047396 0.184976
 0.200000000 0.048597 0.0 0.188234 0.021285 0.0 0.134353 0.064675 -0.047396 0.184976 0.064675 0.047396 0.184976
 0.210000000 0.048597 0.0 0.188234 0.021285 0.0 0.134353 0.064675 -0.047396 0.184976 0.064675 0.047396 0.184976
 0.220000000 0.048597 0.0 0.188234 0.021285 0.0 0.134353 0.064675 -0.047396 0.184976 0.064675 0.047396 0.184976
 0.230000000 0.048597 0.0 0.188234 0.021285 0.0 0.134353 0.064675 -0.047396 0.184976 0.064675 0.047396 0.184976
 0.240000000 0.048597 0.0 0.188234 0.021285 0.0 0.134353 0.064675 -0.047396 0.18497599999999997 0.064675 0.047396 0.18497599999999997
 0.250000000 0.048597 0.0 0.188234 0.021285 0.0 0.134353 0.064675 -0.047395999999999994 0.184976 0.064675 0.047395999999999994 0.184976
 0.260000000 0.048597 0.0 0.188234 0.021285 0.0 0.134353 0.064675 -0.04739600000000001 0.184976 0.064675 0.04739600000000001 0.184976
 0.270000000 0.048597 0.0 0.188234 0.021285 0.0 0.134353 0.064675 -0.047396 0.184976 0.064675 0.047396 0.184976
 0.280000000 0.048597 0.0 0.188234 0.021285 0.0 0.134353 0.064675 -0.04739600000000001 0.184976 0.064675 0.04739600000000001 0.184976
 0.290000000 0.048597 0.0 0.188234 0.021285 0.0 0.134353 0.064675 -0.047396 0.184976 0.064675 0.047396 0.184976
 0.300000000 0.048597 0.0 0.188234 0.021285 0.0 0.134353 0.064675 -0.047396 0.184976 0.064675 0.047396 0.184976
 0.310000000 0.048597 0.0 0.188234 0.021285 0.0 0.134353 0.064675 -0.047396 0.184976 0.064675 0.047396 0.184976
 0.320000000 0.048597 0.0 0.188234 0.021285 0.0 0.134353 0.064675 -0.047396 0.184976 0.064675 0.047396 0.184976
 0.330000000 0.048597 0.0 0.188234 0.021285 0.0 0.134353 0.064675 -0.047396 0.184976 0.064675 0.047396 0.184976
 0.340000000 0.048597 0.0 0.188234 0.021285 0.0 0.134353 0.064675 -0.047396 0.184976 0.064675 0.047396 0.184976
 0.350000000 0.048597 0.0 0.188234 0.021285 0.0 0.134353 0.064675 -0.047396 0.184976 0.064675 0.047396 0.184976
 0.360000000 0.048597 0.0 0.188234 0.021285 0.0 0.134353 0.064675 -0.047396 0.184976 0.064675 0.047396 0.184976
 0.370000000 0.048597 0.0 0.188234 0.021285 0.0 0.134353 0.064675 -0.047396 0.184976 0.064675 0.047396 0.184976
 0.380000000 0.048597 0.0 0.188234 0.021285 0.0 0.134353 0.064675 -0.047396 0.184976 0.064675 0.047396 0.184976
 0.390000000 0.048597 0.0 0.188234 0.021285 0.0 0.134353 0.064675 -0.047396 0.184976 0.064675 0.047396 0.184976
 0.400000000 0.048597 0.0 0.188234 0.021285 0.0 0.134353 0.064675 -0.047396 0.184976 0.064675 0.047396 0.184976
