0.0 2.0 1.0
Linear 15 explicit
0.0 0.0613145653 1.27E-005 0.1011731625 0.071043084 0 0.10684029 0.079619757 0 0.11046597 0.088718938 -4.79E-012 0.1121744098 0.0561215 0 0.0886421
0.05 0.0613166348 1.27E-005 0.101193373 0.0710490343 -3.14E-008 0.1068541987 0.0796270182 -2.90E-008 0.1104747833 0.088725599 -8.60E-009 0.1121789171 0.056102635 8.50E-019 0.088677221
0.1 0.0613200361 1.26E-005 0.1012290735 0.0710575984 -1.03E-007 0.106881418 0.0796374383 -8.22E-008 0.1104938062 0.0887362006 -2.62E-008 0.1121909131 0.0560746943 -6.44E-018 0.0887293053
0.15 0.0613222639 1.24E-005 0.1012774157 0.0710659483 -2.06E-007 0.1069192807 0.0796486547 -1.54E-007 0.1105219587 0.088748139 -4.63E-008 0.1122102582 0.0560420274 6.13E-018 0.0887903012
0.2 0.0613227317 1.23E-005 0.1013341841 0.0710729058 -3.29E-007 0.1069645959 0.0796590489 -2.34E-007 0.1105568991 0.0887595725 -6.52E-008 0.1122354501 0.056007179 -1.81E-018 0.088855492
0.25 0.0613143106 1.21E-005 0.1014002961 0.0710712246 -4.61E-007 0.1070187327 0.0796610572 -3.16E-007 0.1106000592 0.0887631008 -8.20E-008 0.1122686719 0.0559728196 4.85E-018 0.088919891
0.3 0.0612907413 1.19E-005 0.1014759266 0.0710546836 -5.94E-007 0.1070815757 0.0796483241 -3.98E-007 0.1106509028 0.0887519599 -9.80E-008 0.1123091295 0.0559402503 6.39E-018 0.0889810485
0.35 0.0612478497 1.17E-005 0.1015596067 0.0710190846 -7.23E-007 0.1071513796 0.0796163506 -4.76E-007 0.1107074265 0.088721163 -1.15E-007 0.1123548283 0.055910193 2.91E-018 0.0890375873
0.4 0.0611833701 1.15E-005 0.1016488314 0.0709620493 -8.44E-007 0.1072256009 0.0795624069 -5.50E-007 0.110767074 0.088667564 -1.35E-007 0.1124034864 0.0558830305 -5.08E-018 0.0890887624
0.45 0.0610965326 1.13E-005 0.1017408053 0.0708826554 -9.56E-007 0.107301596 0.0794852562 -6.21E-007 0.1108273624 0.0885896304 -1.58E-007 0.1124529937 0.0558589173 4.93E-018 0.0891342577
0.5 0.0609876859 1.12E-005 0.1018329318 0.0707811006 -1.06E-006 0.1073770127 0.0793848585 -6.88E-007 0.1108861812 0.0884871463 -1.87E-007 0.112501597 0.055837889 -9.09E-019 0.0891739827
0.55 0.060857991 1.10E-005 0.1019230752 0.0706584237 -1.15E-006 0.1074499732 0.0792620997 -7.51E-007 0.1109419033 0.0883609213 -2.22E-007 0.1125479533 0.0558198866 1.80E-019 0.0892080286
0.6 0.0606988376 1.09E-005 0.1019751723 0.0705000447 -1.27E-006 0.1074958711 0.0791037246 -8.32E-007 0.1109815919 0.088201809 -2.74E-007 0.11258515 0.0558047015 1.59E-018 0.0892367731
0.65 0.0605169663 1.07E-005 0.102018146 0.0703197319 -1.36E-006 0.1075331726 0.0789212521 -9.12E-007 0.1110122823 0.088016942 -3.35E-007 0.1126156202 0.0557923619 2.64E-018 0.0892601494
0.7 0.0603159328 1.06E-005 0.1020513816 0.0701195804 -1.45E-006 0.1075612923 0.07871736 -9.90E-007 0.1110342624 0.0878093596 -4.02E-007 0.1126396208 0.0557826592 6.05E-018 0.0892785417
0.75 0.0600924384 1.05E-005 0.1020388957 0.0698891562 -1.56E-006 0.1075580409 0.0784830757 -1.08E-006 0.1110379676 0.0875739232 -4.84E-007 0.1126525954 0.0557752804 4.00E-018 0.0892925356
0.8 0.0598508252 1.04E-005 0.1019890178 0.0696358863 -1.65E-006 0.1075271711 0.0782234172 -1.16E-006 0.1110222956 0.0873133199 -5.60E-007 0.112652935 0.0557700904 -3.05E-018 0.0893023818
0.85 0.0595916628 1.03E-005 0.1019107342 0.069362108 -1.75E-006 0.1074763333 0.0779426405 -1.26E-006 0.1109931515 0.0870321785 -6.57E-007 0.1126442542 0.0557670534 1.23E-018 0.0893081449
0.9 0.0593215835 1.03E-005 0.1018291507 0.0690788348 -1.78E-006 0.10742034 0.0776507337 -1.29E-006 0.1109570166 0.086738097 -7.07E-007 0.1126296042 0.0557660636 1.80E-018 0.0893100233
0.95 0.0590439273 1.05E-005 0.1017418686 0.0687876733 -1.56E-006 0.1073581119 0.0773500627 -1.06E-006 0.1109143872 0.0864342468 -5.76E-007 0.1126096896 0.0557669065 8.90E-018 0.0893084237
1.0 0.0587612759 1.07E-005 0.1016477189 0.0684909441 -1.42E-006 0.1072896283 0.0770431803 -9.49E-007 0.1108660973 0.0861235777 -5.26E-007 0.112585245 0.0557693934 4.54E-018 0.0893037044
1.05 0.0584764029 1.08E-005 0.1015468549 0.0681913674 -1.35E-006 0.1072149216 0.0767326227 -9.17E-007 0.1108121291 0.0858085992 -5.30E-007 0.1125563089 0.0557733707 -6.09E-018 0.0892961582
1.1 0.0581901756 1.08E-005 0.1014375754 0.0678898197 -1.34E-006 0.1071327744 0.0764192403 -9.33E-007 0.110751952 0.0854906264 -5.74E-007 0.112522736 0.0557786728 1.11E-018 0.0892861012
1.15 0.0578832036 1.09E-005 0.1013060099 0.0675783153 -1.36E-006 0.1070239598 0.076096967 -9.83E-007 0.1106795046 0.0851661444 -6.45E-007 0.1124815945 0.0557850658 -1.34E-018 0.0892739788
1.2 0.057658462 1.11E-005 0.1013753824 0.0673408567 -1.34E-006 0.1070110402 0.075836052 -1.02E-006 0.1106514876 0.0848887922 -7.13E-007 0.1124645339 0.0557929299 1.10E-018 0.0892590731
1.25 0.0574584122 1.13E-005 0.1014844664 0.0671362959 -1.31E-006 0.1070409072 0.0756118366 -1.04E-006 0.1106481252 0.0846461273 -7.73E-007 0.1124621133 0.05580185 3.04E-018 0.0892421736
1.3 0.0572556897 1.14E-005 0.1015485744 0.0669380843 -1.27E-006 0.107073359 0.075402541 -1.06E-006 0.1106534998 0.0844217732 -8.27E-007 0.1124654514 0.0558114857 8.63E-018 0.089223928
1.35 0.0570634485 1.15E-005 0.1016121634 0.0667509774 -1.24E-006 0.1071089611 0.075206252 -1.07E-006 0.1106634321 0.0842118753 -8.76E-007 0.1124716549 0.0558218231 9.30E-018 0.0892043645
1.4 0.0568820687 1.16E-005 0.101677605 0.0665745812 -1.20E-006 0.1071466542 0.0750213172 -1.09E-006 0.1106755975 0.0840139936 -9.20E-007 0.11247905 0.0558328016 3.29E-018 0.0891836005
1.45 0.0567101521 1.16E-005 0.1017442305 0.0664074855 -1.17E-006 0.1071852401 0.0748459955 -1.10E-006 0.1106885974 0.0838260739 -9.61E-007 0.1124866036 0.0558443845 1.47E-016 0.089161707
1.5 0.0565462727 1.17E-005 0.1018113047 0.0662482807 -1.15E-006 0.1072238509 0.0746787194 -1.10E-006 0.1107015641 0.0836463955 -9.98E-007 0.1124936832 0.0558565103 7.65E-018 0.0891388024
1.55 0.0563846244 1.17E-005 0.1018378791 0.0660853499 -1.12E-006 0.1072496278 0.0745118628 -1.11E-006 0.1107094116 0.083469437 -1.03E-006 0.1124979771 0.0558690812 -1.79E-016 0.0891150737
1.6 0.0562269322 1.17E-005 0.1018589593 0.0659261002 -1.10E-006 0.1072712806 0.0743484827 -1.12E-006 0.1107147337 0.0832962234 -1.06E-006 0.1125002888 0.0558821073 1.10E-017 0.0890905031
1.65 0.0560743697 1.17E-005 0.1018819542 0.0657722084 -1.08E-006 0.1072922593 0.0741898297 -1.13E-006 0.1107188893 0.0831274791 -1.09E-006 0.1125012629 0.0558955657 2.09E-017 0.0890651361
1.7 0.0559267615 1.17E-005 0.1019085386 0.0656237298 -1.07E-006 0.1073137086 0.0740360917 -1.14E-006 0.1107225335 0.0829633359 -1.12E-006 0.1125012648 0.0559093949 2.08E-017 0.0890390899
1.75 0.0557836887 1.17E-005 0.1019386915 0.0654802893 -1.06E-006 0.107335841 0.0738870263 -1.15E-006 0.1107258875 0.0828036048 -1.14E-006 0.1125004499 0.0559235548 2.60E-017 0.0890124416
1.8 0.0556447251 1.17E-005 0.1019718876 0.0653414252 -1.05E-006 0.1073585316 0.0737422579 -1.15E-006 0.1107289672 0.0826479732 -1.17E-006 0.1124988644 0.055937986 2.69E-017 0.0889853043
1.85 0.0555094905 1.17E-005 0.1020074835 0.0652066952 -1.04E-006 0.1073815424 0.0736013971 -1.16E-006 0.1107316964 0.0824961022 -1.19E-006 0.1124964971 0.0559526563 2.77E-017 0.08895774
1.9 0.0553776569 1.17E-005 0.1020448882 0.0650757081 -1.03E-006 0.1074046423 0.0734640882 -1.17E-006 0.1107339864 0.0823476745 -1.21E-006 0.1124933267 0.0559675163 1.81E-017 0.0889298418
1.95 0.055248946 1.17E-005 0.1020835829 0.0649481274 -1.03E-006 0.1074276233 0.0733300205 -1.17E-006 0.1107357506 0.0822024086 -1.22E-006 0.112489328 0.0559825426 1.94E-017 0.088901655
2.0 0.0551231215 1.17E-005 0.1021231486 0.0648236683 -1.02E-006 0.1074503286 0.0731989309 -1.18E-006 0.1107369296 0.0820600652 -1.24E-006 0.1124844906 0.0559976929 2.40E-017 0.0888732593