0.0 0.4 1.0
Linear 18 explicit
 0.000000000 0.059574 0.0 0.099916 0.079783 0.0 0.110535 0.11439 0.0 0.110271 0.129367 0.0 0.088123 0.122227 0.0 0.062495 0.0561215 0.0 0.0886421
 0.005000000 0.05957512088345005 -3.475226786890897E-8 0.09976703023410309 0.07979034746072626 -3.163079707981892E-8 0.11037598859258653 0.11439969224256921 7.686691213283559E-8 0.11012635059432502 0.1294016909225587 1.6025291152360707E-7 0.08798232596897933 0.12224426525014873 -8.763140416189495E-9 0.06236172172505275 0.05615805875120655 -2.361798263933211E-19 0.08857414185561448
 0.010000000 0.05958104004403407 -1.2293419001122126E-7 0.09952316295849023 0.07979979105239442 -9.06815723561261E-8 0.11012654144729471 0.1144153233736156 2.1322068127047489E-7 0.10992187061638721 0.1294730442103941 4.282576068213994E-7 0.08779683921512695 0.12227292388380373 2.7687206566350072E-8 0.0621930530193064 0.056217880131745175 7.961822335587397E-18 0.08846323408287574
 0.015000000 0.05959167308065581 -2.573849565401354E-7 0.09922851763326365 0.07980887966119765 -1.7025230700879846E-7 0.10983647690074115 0.11443283094408269 3.6806205089439585E-7 0.10970848670276766 0.12956825607356817 7.158460755681781E-7 0.08761473717399176 0.12230894251409848 6.527539707342925E-8 0.06203164176866167 0.05629100061993117 8.812454324055005E-19 0.0883281599534492
 0.020000000 0.05960774406740174 -4.2153504897252256E-7 0.09891879169922048 0.07982333022345425 -2.609332930903875E-7 0.1095687348630258 0.11446482287239008 5.12975571775796E-7 0.10951073260047998 0.12967649035257153 9.819475430508189E-7 0.08745226266256464 0.12234762480330479 9.617690484022434E-8 0.06189147500790799 0.056371014181032304 1.60517743343391E-18 0.0881809644505428
 0.025000000 0.05963373922118656 -5.963727049940334E-7 0.09862138053328805 0.07984462104284022 -3.5305914460693466E-7 0.1093235895392639 0.11450528922793045 6.334404085861445E-7 0.10933776709849101 0.12978857717556924 1.2118981803008589E-6 0.08731412318714916 0.1223858096680061 1.207251248912938E-7 0.06177436092198043 0.05645323872219593 1.3753321251673387E-18 0.08803036142850174
 0.030000000 0.0596711028122905 -7.67172876931253E-7 0.09834428092954192 0.07986861388673164 -4.430751612211934E-7 0.10911201381739746 0.11456200227096469 7.236323956790644E-7 0.10919346787038141 0.12989911218629702 1.403192746296724E-6 0.08719738602388825 0.122420734009513 1.4100942792148453E-7 0.06167807974511685 0.05653496574117342 2.941278751982625E-19 0.08788132581540586
 0.035000000 0.059716262322650315 -9.254640883583906E-7 0.0980938313476052 0.0798977618806531 -5.266229416434182E-7 0.10892692706148362 0.11462338330065164 7.850470876894598E-7 0.10907339853290886 0.13000479307803206 1.5581007684597826E-6 0.08709972800203102 0.12245233456545607 1.5871650129659075E-7 0.061598653480005906 0.056614084987670996 -3.757927266337716E-18 0.08773766266337318
 0.040000000 0.05976475786873187 -1.0666824634533641E-6 0.09787068411512606 0.07992990102529061 -6.01868086477286E-7 0.10876452183292987 0.11468371602673991 8.21588911897799E-7 0.10897328294336309 0.13010349957737724 1.6812851043308765E-6 0.08701814062080304 0.12248079876034716 1.748784794538277E-7 0.06153253365273594 0.05668947554080873 -5.28008706651878E-18 0.08760132933063841
 0.045000000 0.05981322523391736 -1.1891352536496222E-6 0.09767304634864468 0.07996252147634027 -6.683141652581449E-7 0.10862181758029063 0.11474024144197643 8.379854870267024E-7 0.1088894408736207 0.13019407436892505 1.7779726555849169E-6 0.08694982827409592 0.1225063551599706 1.899522255703196E-7 0.061476970072389434 0.05676053862811608 3.597652499057957E-18 0.08747331681128934
 0.050000000 0.0598594665688844 -1.2929611691873385E-6 0.09749841364745578 0.07999376444143971 -7.261516692212194E-7 0.1084963058613042 0.11479157685200077 8.388806522040315E-7 0.10881894508736693 0.13027606115534301 1.8530845038459827E-6 0.08689253568341204 0.12252927595731695 2.040751289767592E-7 0.06142993445624856 0.05682700586304516 -3.3622940050072465E-18 0.08735401446516479
 0.055000000 0.05990218872259127 -1.3793774437298554E-6 0.09734422184443346 0.08002246214491343 -7.75930952738349E-7 0.1083858165536421 0.11483710231991452 8.283973581539309E-7 0.10875949754279064 0.1303494859691391 1.9109150463193792E-6 0.08684449860732121 0.12254985468784685 2.1724992217683276E-7 0.06138993121893483 0.05688882241634118 -2.810112797997655E-18 0.08724343078124937
 0.060000000 0.0599407399836559 -1.4501591077419546E-6 0.0972080653773427 0.08004798706647119 -8.183799637209128E-7 0.10828845470768624 0.1148766779831374 8.099829907236682E-7 0.10870927355950825 0.13041468943009982 1.9550670114134935E-6 0.08680431344585518 0.12256837721301304 2.294492999657027E-7 0.06135582564584816 0.05694607079913125 5.0215583222066314E-18 0.08714133576525446
 0.065000000 0.059974903664265736 -1.5072974278022493E-6 0.0970877627599749 0.08007009673077359 -8.542962988028469E-7 0.10820256263840863 0.11491047715420487 7.864050083601308E-7 0.10866679766832907 0.13047220404996096 1.9884945488199802E-6 0.086770826933182 0.1225851025174512 2.406613702953259E-7 0.06132672210121883 0.05699891977733724 -6.456561331472805E-18 0.0870473549949619
 0.070000000 0.060004746864081915 -1.5527882161671874E-6 0.09698136818260894 0.0800888089479042 -8.844816170772731E-7 0.10812669154001414 0.11493887202539113 7.598167251787336E-7 0.10863085569063609 0.13052266707051502 2.013584523900504E-6 0.08674306272457198 0.12260025492334413 2.5090111692019587E-7 0.06130188703750858 0.05704758972604331 1.7245988690817165E-18 0.08696103231627658
 0.075000000 0.06003051251167532 -1.5885095834961075E-6 0.09688716282807604 0.08010430809014928 -9.097021985393266E-7 0.10805957738780561 0.11496235110404504 7.318485413868706E-7 0.10860043466296453 0.13056675983452795 2.032245002583874E-6 0.08672017732724766 0.12261402399182023 2.602066439087295E-7 0.06128070303446312 0.05709232905794345 -2.5721890275619754E-18 0.08688187165313305
 0.080000000 0.060052543516842145 -1.6161587964700136E-6 0.09680363798374164 0.08011687672840571 -9.306664713242702E-7 0.10800011938480908 0.1149814592999319 7.037017048187425E-7 0.1085746816555547 0.13060516653284288 2.04598826647572E-6 0.08670143462187659 0.12262656827286046 2.6863106891474196E-7 0.06126264176632012 0.05713339824395415 -4.316386314056626E-18 0.08680936469187714
 0.085000000 0.06007123036429906 -1.637226757524794E-6 0.09672947497617279 0.0801268468886818 -9.480137925164276E-7 0.10794736037747638 0.11499675530237655 6.762341202370848E-7 0.1085528746925287 0.13063854701279257 2.0560039357816957E-6 0.08668619070003417 0.12263802034448869 2.7623502897587895E-7 0.061247247595675125 0.0571710590965053 -3.822340930731077E-18 0.0867430089245246
 0.090000000 0.06008697572750765 -1.6529954716988791E-6 0.09666352440517673 0.08013456621437452 -9.623106712605509E-7 0.10790046906030883 0.11500878235913928 6.500343563351054E-7 0.10853440124283548 0.1306675197726886 2.0632213020592355E-6 0.08667388381358543 0.12264849177498723 2.8308133776201836E-7 0.06123412678024964 0.057205567724084486 4.597830807920609E-19 0.08668231908078494
 0.095000000 0.060100171389858216 -1.6645487987602543E-6 0.09660478602777013 0.0801403753291738 -9.740517958598586E-7 0.10785872391028074 0.11501804936524122 6.254832866734821E-7 0.1085187414782167 0.13069265230192953 2.0683614007757095E-6 0.08666402656370327 0.12265807742579479 2.8923174895230987E-7 0.06122293952993415 0.0572371700531811 -2.894872462237199E-18 0.08662683402342902
 0.100000000 0.060111184006243115 -1.6727902036927692E-6 0.09655239002737513 0.08014459351322632 -9.836640161366314E-7 0.10782149880893299 0.11502501973599284 6.028042745483486E-7 0.10850545464886915 0.13071445665833817 2.0719798903728706E-6 0.08665619893796146 0.1226668589428677 2.947452621505092E-7 0.061213393514596065 0.057266099143360734 -6.541428809503986E-18 0.08657612054132373
 0.105000000 0.06011893430133777 -1.6782419679443854E-6 0.09650088930775623 0.08014892611198096 -9.897424979230153E-7 0.10776921442520507 0.11502336164321363 5.901956963204852E-7 0.10849148332893505 0.13074668096871658 2.104052376529044E-6 0.0866593147532552 0.12267329998164336 3.7649304257516536E-7 0.06120771308981445 0.05729489546382313 8.818915639900894E-18 0.08652571369056952
 0.110000000 0.06012196638313611 -3.249996456903908E-6 0.09644491857058371 0.08015298543078883 -1.3691452527462805E-6 0.10769784524076262 0.11501330170114592 9.450333406985404E-7 0.10847435125005915 0.13079056287920443 2.2893102609115855E-6 0.08667151619165507 0.12267867691834186 5.244267658414936E-7 0.061204530862711014 0.0573249259965747 3.22123047797649E-18 0.08647322465495096
 0.115000000 0.0601204753324102 -4.2255002170469365E-6 0.09638119509024601 0.08015655515904148 -1.6159903483727805E-6 0.1076068841400265 0.11499649287515061 1.1945657531831331E-6 0.1084521933861266 0.1308456229054568 2.4949731403352567E-6 0.08668894220355844 0.12268432397099413 7.232525312790802E-7 0.06120053853931269 0.05735704749817303 6.422920782814577E-18 0.08641716903809883
 0.120000000 0.06011638933802273 -4.678870596411221E-6 0.09630814924344216 0.08016041833386918 -1.7291835190420805E-6 0.10749733445784851 0.11497543459752772 1.3407976030901311E-6 0.10842403199489149 0.13091151697479453 2.685854870715099E-6 0.08670823829452576 0.12269112077252145 9.391747606855304E-7 0.061193056702123334 0.057391756087341386 -6.363649170522018E-18 0.08635670068360358
 0.125000000 0.06010899045039619 -4.775110324108795E-6 0.09623669186374736 0.08017224399956425 -1.721626175835305E-6 0.10738027509344279 0.1149543276502339 1.4170027030968609E-6 0.10838892807847832 0.13098816375971659 2.850281245330642E-6 0.08672678596142722 0.12269947553620489 1.1583298084244754E-6 0.06118038115341108 0.05742942773196328 3.9655292862748776E-18 0.08629118962603846
 0.130000000 0.06010684061842314 -4.688871209087263E-6 0.09617879068874571 0.08019189215715944 -1.6607920812649672E-6 0.10725307246796538 0.11493514578609779 1.4509209658067035E-6 0.10834713852003577 0.13107537192834393 2.9906525904337768E-6 0.08674310948801905 0.12270966202967333 1.3746382780952913E-6 0.06116181275453157 0.05747004273290203 -7.10746625709895E-18 0.08622069876631933
 0.135000000 0.06010780103238655 -4.502417852835884E-6 0.09611864726444855 0.08021682247478536 -1.5706322759710813E-6 0.10711576672296796 0.11491842475202767 1.4676128058025073E-6 0.10830009286777023 0.13117274085855518 3.1252321814566074E-6 0.08675819075992039 0.12273027291034752 1.2728480209791252E-6 0.06115628289770341 0.05751349493137652 5.525998613516459E-18 0.08614544232084692
 0.140000000 0.060120938842635904 -4.2319381667608734E-6 0.09604884926776099 0.08024879625305216 -1.4374134688925012E-6 0.10696963298211974 0.11490682686301756 1.4669712433433908E-6 0.10824889567536004 0.13128007058846058 3.261962892436009E-6 0.08677095545570847 0.12275494246048636 1.050893121965656E-6 0.06114891712266607 0.05755953594583166 1.9982841565247E-18 0.08606588025427021
 0.145000000 0.060126704344753146 1.1370841779055983E-6 0.09596550123832494 0.08028054329378469 -1.4311689548115433E-6 0.1068153972382316 0.11489985241011812 1.0221167960877103E-6 0.10819724369812707 0.1313904311681374 3.546924861183987E-6 0.08678051458586884 0.12278308509982863 8.275757279107799E-7 0.061139726287503506 0.05760811923389969 -6.415828334327538E-19 0.08598212258683513
 0.150000000 0.06014699187208937 1.6185349582524893E-6 0.09588041725693024 0.08031740846483906 -8.401668624245175E-7 0.10665478176658637 0.11489601202974667 1.8389633358609215E-6 0.10814336277310961 0.1315075011532135 2.322346856744014E-6 0.08678934712073871 0.12281468026816503 1.723123223663774E-7 0.061129014785330595 0.05765886477814569 4.616682917506916E-18 0.08589485269980285
 0.155000000 0.06017347753537362 1.6420302066475444E-6 0.0957886027849649 0.08035769182869226 -7.411612467389668E-7 0.1064889013871758 0.1148955720607274 1.3097516329379092E-6 0.10808849602450421 0.1316305423569542 2.638251313222265E-6 0.08679723605106403 0.12284928681153214 -5.04103218894565E-7 0.061117060145674584 0.05771156556956909 -5.20073385750123E-18 0.0858044520532723
 0.160000000 0.06018943578096925 1.5737406903750447E-6 0.09569519198139759 0.08039500184215771 -7.253441493310717E-7 0.10631823305177394 0.11489350801418216 9.391356985595869E-7 0.10803320499965784 0.131757157449752 3.255279665834314E-6 0.08680562669717352 0.12288635828982229 -1.2876078276626596E-6 0.06110434851252363 0.05776615157570517 1.3344549311034733E-18 0.08571106513444927
 0.165000000 0.0602181779365767 2.021528149513419E-6 0.09559194179082188 0.08043417904524229 -1.7563774024036207E-7 0.10614462743433083 0.11489294603907396 1.9625509190481936E-6 0.1079783431868526 0.13188798579061184 1.1087957730720665E-6 0.0868154486013151 0.12290777945759405 6.879233852489971E-6 0.06109599518227313 0.057822086996160586 -9.353076760448256E-19 0.08561562935733316
 0.170000000 0.0602523207966207 -8.278486188273546E-6 0.0954796312598193 0.08046994713252964 -9.000729464852931E-6 0.10596424891992741 0.11489234056397625 1.3305745689580202E-6 0.10792489536757306 0.13202142343453815 1.6754529317933888E-6 0.08682622902729592 0.12291985786407052 1.3339999983403868E-5 0.06109069144003799 0.05787921499370501 6.703496080098334E-18 0.08551842856236838
 0.175000000 0.06028432046118739 -3.0876187126746045E-5 0.09535628074034454 0.08049130651072035 -4.5423299900969E-6 0.10576870853594803 0.1148857264260777 1.1661870524100385E-6 0.10787344219989582 0.13215499471685838 2.348714017043124E-6 0.08683927374336108 0.12293495928822078 2.0305033227050993E-5 0.06108567156953587 0.05793729332558241 -6.383185790086756E-18 0.08541988849631871
 0.180000000 0.060320021856355543 -3.977438860978367E-5 0.09524027651282059 0.08051856056318961 -6.351309195454313E-6 0.10558180856575716 0.11487860918026055 1.4393844596804775E-6 0.10782308149351826 0.13228866918936977 3.494987753963559E-6 0.08685401547170712 0.12294987567713966 2.6650316088903912E-5 0.06108101195381917 0.0579962989874645 -2.4931575959493E-19 0.0853200599633505
 0.185000000 0.060350448135117286 -5.2269897746716346E-5 0.09510564159394148 0.08054440575193877 -8.019409031098428E-6 0.1053978044137381 0.11487098432816331 2.172880683913217E-6 0.10777441010460108 0.13242236945795022 4.951936351489716E-6 0.08686996950629793 0.12296914334771389 3.3029933319174765E-5 0.06107650226012085 0.05805584871209144 3.550737415073068E-18 0.08521960026485596
 0.190000000 0.06036382705533218 -4.957243404003145E-5 0.09498559239255254 0.08055187763103068 -7.91027435670204E-6 0.10520529344536096 0.11485290043088935 4.80966672093806E-6 0.10772572676197142 0.13255090941808054 3.1455460495012816E-6 0.08689197533291934 0.12299076481588697 3.468520918896351E-5 0.0610728173627106 0.058116080261057246 6.341218577128249E-18 0.08511828409190664
 0.195000000 0.060375813677920775 -4.5396716083234617E-5 0.09486655315116303 0.08056017977231959 -7.601146837265626E-6 0.10500727360526023 0.11482624945762862 4.5175461882094185E-6 0.10767819059173685 0.1326780296354265 4.650191250257694E-6 0.08691667665736262 0.1230211681944863 3.74812789514841E-5 0.06106883831461472 0.05817620006238618 -3.829515354026591E-18 0.08501744861308803
 0.200000000 0.060391629845629784 -4.0544094966381876E-5 0.09476385990423053 0.08057057695589424 -6.796034880310407E-6 0.10481219034505589 0.11479758747250281 4.55877980657037E-6 0.10763215320718703 0.13280453601614978 6.748108022722321E-6 0.08694251167938251 0.12304410070772834 3.89482116111301E-5 0.061065312420325965 0.05823628238999329 -4.2829441124322455E-18 0.08491696629946863
 0.205000000 0.06041206129691175 -3.574283089128638E-5 0.09466028072003273 0.08058231530201927 -5.8423444137039E-6 0.10461967390735592 0.11476628675261477 4.670608934233859E-6 0.10758729798774191 0.13292785339943383 8.10263934870942E-6 0.08696987712763107 0.12308418766829317 4.281290815552443E-5 0.06105996912346265 0.058296174996933174 1.323016601180351E-17 0.08481708829521215
 0.210000000 0.06044010596919868 -3.072520669890741E-5 0.0945039057457754 0.08055918353883476 -4.741469139959831E-6 0.1044016547902534 0.1147296842401846 5.011170796579823E-6 0.10754410433112915 0.13304743519811535 9.280348340605554E-6 0.08700109240335807 0.123123659522895 4.57204414382913E-5 0.06105576800413633 0.05835533470765267 -7.61810507282121E-18 0.08471871204356773
 0.215000000 0.06047327915110432 -4.506844789535492E-5 0.09439702416015772 0.08055020042867334 -5.233701825152953E-6 0.10420112261710526 0.11469215874440467 5.792441012273147E-6 0.10750295559466844 0.13316410140561927 1.0323882024419054E-5 0.08703395843922358 0.12316246035263359 4.794892624662932E-5 0.061051893801969494 0.05841473708626004 2.1583918246383519E-16 0.08462021007566713
 0.220000000 0.0604909265332421 -6.199964751381492E-5 0.09430819955735546 0.08054206121463085 -7.020230432004064E-6 0.10399822758087503 0.11461009964070651 7.067949707947796E-6 0.10745481107705869 0.13327083378227725 1.1395059197496174E-5 0.08707940601953565 0.12320368657874242 4.926527444645735E-5 0.061049535311200394 0.05847358908242381 6.106017652320571E-18 0.08452289359751727
 0.225000000 0.06051292044099864 -7.8476424861708E-5 0.09422298227166989 0.08053932878394345 -9.186987027940759E-6 0.10380035506581066 0.11453312225655757 8.110270332332458E-6 0.10740997351428493 0.1333769194368805 1.2143009694539251E-5 0.08712294568065686 0.1232432923460995 5.096921024799348E-5 0.06104603668214576 0.05853167412483597 2.3088758524194604E-16 0.0844271100002059
 0.230000000 0.060540972207343495 -9.306817341929575E-5 0.09413767027497458 0.0805417467018213 -1.1226597131156244E-5 0.10361079596182506 0.11446470382948104 8.99749644815982E-6 0.10736709640364607 0.13348304693494292 1.2590173341619112E-5 0.08716416053671729 0.12328495428443248 5.249594322275557E-5 0.061042845442772754 0.05858909313134907 2.1881346465681165E-17 0.0843326815845836
 0.235000000 0.06057245122445578 -8.991686338790973E-5 0.09406215921448423 0.08055195569486255 -9.56874684380906E-6 0.10343310687844602 0.11440456894119637 9.803413222581497E-6 0.1073263051422924 0.13358910363151902 1.2733228831452163E-5 0.08720389842237554 0.12331483673105269 5.2194639428141744E-5 0.061040495991902484 0.058645887886289876 1.3475555570715447E-17 0.08423952954386242
 0.240000000 0.06060541613764358 -9.319445364998336E-5 0.09399705897677768 0.0805693115237953 -8.891933578643435E-6 0.10326652356125107 0.11435159020505137 1.0459279841902661E-5 0.10728747853081648 0.13369455588146037 1.2614780953495497E-5 0.08724240739327627 0.12334790451268679 5.183704104044026E-5 0.061038898939707584 0.05870203718553019 2.4536130610568176E-17 0.08414767891168816
 0.245000000 0.06064489424401983 -9.679348201746341E-5 0.09394342260031646 0.08059123590899654 -8.534473247448528E-6 0.10310992195897557 0.11430324235324361 1.1082530275794456E-5 0.10725069188302085 0.13379883153916836 1.2277901316552986E-5 0.08728012769071768 0.12338253252184085 5.247320989374473E-5 0.06103805197542014 0.05875758811251384 8.39376047644144E-18 0.08405704328909623
 0.250000000 0.06068613575902853 -9.991046197557773E-5 0.09389016499758537 0.08061375129988958 -8.233597897171113E-6 0.10295912340492593 0.11425676057675066 1.1741194861490531E-5 0.10721515435826466 0.13389861909527556 1.0308417727174788E-5 0.08731599137861841 0.12341614328452453 5.374520421562367E-5 0.06103813058897901 0.05881242925912607 1.614010578266822E-17 0.08396779486054723
 0.255000000 0.06072822353763789 -1.0239229375171573E-4 0.09383738547067343 0.08063616446569595 -7.956927909985644E-6 0.10281286182028923 0.11421208298962657 1.2274053978747168E-5 0.10718110019855674 0.13399646887965988 8.07053866193737E-6 0.08735210404847732 0.12345079198719516 5.585374466425123E-5 0.06103869213659508 0.058866556812402396 9.689180505959219E-18 0.08387992973506837
 0.260000000 0.060776847786814366 -8.507979966231244E-5 0.09378810427436568 0.08065658391832486 -8.934839957143545E-6 0.1026681634552882 0.11416967136904249 1.1909374363504532E-5 0.10714868741308647 0.1340928503166489 5.187425958125149E-6 0.0873884109391946 0.12348642352454882 5.893855613377548E-5 0.061039564600506746 0.05891985032294088 1.8283062106257473E-17 0.08379363281690298
 0.265000000 0.06082201470481301 -8.991477097190334E-5 0.09373493007660533 0.0806764925098533 -8.663261922435182E-6 0.10252779465979074 0.11412842821155927 1.2196145790967972E-5 0.10711757912086163 0.1341879692870115 2.286258796469069E-6 0.08742494333964 0.12352291223632281 6.291096714970439E-5 0.06104049247921954 0.05897250394243346 3.958083353208415E-16 0.08370857977555797
 0.270000000 0.06087677709174054 -1.0426408910285871E-4 0.09368641037884726 0.08069749470575047 -7.253692920615578E-6 0.10239127365916487 0.11409095637466334 1.3358616191095214E-5 0.10708761282811596 0.13428347653779105 1.8283463106648297E-7 0.08745873424781472 0.12345272115508103 6.97529582626091E-5 0.06101087634165485 0.0590243067364508 1.7257761256924422E-17 0.08362510152997428
 0.275000000 0.06093311691324887 -1.335037641090617E-4 0.09365263376809362 0.08070757361405935 -1.441002015459704E-4 0.10219563966830496 0.11400752825406263 -2.3547976702360672E-5 0.10705412353533342 0.134369693088455 -2.7670350020874096E-6 0.08750208283874619 0.12348090564169364 7.47949356567347E-5 0.061022148974145214 0.059074912055316085 4.473059377442269E-18 0.08354374394501903
 0.280000000 0.06098183171108274 -1.5432391429810616E-4 0.09363152708194854 0.08069920638095783 -1.3559687024135744E-4 0.10196869715510148 0.11387259133269673 -3.826566312563671E-5 0.10701623642778146 0.13444030267859616 -8.022563632878785E-6 0.08756178943446745 0.12353136800098333 7.54096851184618E-5 0.06103142715072993 0.05912525470770155 3.858219799081117E-16 0.08346299498099191
 0.285000000 0.06102754043868514 -1.656467155503664E-4 0.0936122352790529 0.08068192502898483 -1.859464067542901E-4 0.10174863644187902 0.11372075585973701 -5.229941952483413E-5 0.10697958978227338 0.13450016297595493 -1.1200969872422694E-5 0.08762957309352173 0.12357630481850339 7.534709470804972E-5 0.0610405860580626 0.059174994460325564 -5.21137490939979E-18 0.0833833946836144
 0.290000000 0.06105694685738827 -1.5853484726422156E-4 0.0936149744702489 0.08066093227608348 -1.5150017816339533E-4 0.10153708283206983 0.11355983112986712 -5.366224108268665E-5 0.10694337967486538 0.1345526858373785 -1.5606152007084812E-5 0.0877021252038884 0.12362117065865855 7.28711841399249E-5 0.061049880870816316 0.0592241763588248 -5.603767114065512E-18 0.08330486377886394
 0.295000000 0.06108414141053703 -1.5175504379241539E-4 0.09360362606057021 0.08063984025178207 -1.2789591939872975E-4 0.10135487450435471 0.11340651100083625 -4.667403513540188E-5 0.10690727877671932 0.13459933325467735 -1.8340389929589747E-5 0.087775264769646 0.12366438318820096 7.127314120435126E-5 0.061058981598699644 0.05927311147036604 8.067068328798898E-19 0.08322690041469837
 0.300000000 0.06111359681335841 -1.85454252104174E-4 0.09361928089452784 0.08061820549661071 -1.2507763683338805E-4 0.10116332185318294 0.11325794731035838 -3.5999346438961894E-5 0.10687471542308717 0.13464561206111186 -1.869325590663789E-5 0.08784614495444462 0.1237080245111998 7.19995353678489E-5 0.06106738843818471 0.059320640778927756 -3.364242157147188E-18 0.08315134165502767
 0.305000000 0.06114475628447347 -2.3405976175496483E-4 0.09361337220136473 0.08060623853377837 -3.370868147246259E-5 0.10100381648769524 0.11314337014641992 -5.775568772568482E-6 0.10684552486370717 0.13469001416481444 -1.9873516291450535E-5 0.08790209672447975 0.12374921423263714 7.42841916381798E-5 0.06106998146060279 0.05936607426120176 1.551811905731883E-19 0.08307926588759847
 0.310000000 0.06116482866762569 -2.3570812154929312E-4 0.0936081370795675 0.0806050701661359 -2.2920227428167994E-5 0.10089767401556445 0.11307528561923973 1.3672908070969185E-5 0.10681753680887028 0.13473129465368763 -1.905922935909162E-5 0.08793736996512849 0.12378487676698462 7.720868090274507E-5 0.06106772911210879 0.05940934998162747 -1.2934710375753205E-17 0.08301075002143123
 0.315000000 0.061185686341911495 -2.2080015408952226E-4 0.09358900726319272 0.08061123056227269 -2.4799472679550084E-5 0.10081524415534987 0.11303415282229948 2.1596569658661376E-5 0.10679109976707844 0.13477250292246165 -1.8519067691016438E-5 0.08795549214316553 0.12370678720682825 9.104714191733109E-5 0.061034051993316886 0.059449363469065875 2.6310527013659873E-18 0.08294751734186324
 0.320000000 0.061207429213053874 -2.0202857372504153E-4 0.09356918105220427 0.08062651722810837 -1.8442514554686163E-5 0.10074905403490884 0.11301143114034413 2.461452015110468E-5 0.10676696152728861 0.13481345912255657 -1.956915332500581E-5 0.08796491396932112 0.12373969838169119 1.0468943872989074E-4 0.06104120554117275 0.05948584753154426 4.8014786977937964E-18 0.08288996083755565
 0.325000000 0.06123306473488164 -1.870797121860196E-4 0.09354069758393425 0.08064435575234676 -9.53542347761241E-6 0.1006937444002705 0.11300145643019395 2.6671998960702695E-5 0.10674601014944565 0.13485246207929974 -2.0732127918487605E-5 0.08796986136267249 0.12377800744771712 1.0444730538823454E-4 0.061040603509461035 0.059518772306420456 5.173580103609944E-19 0.08283809991179389
 0.330000000 0.061253599795899574 -1.6517361760143794E-4 0.0935202795086886 0.08066176987718932 9.79655872843531E-7 0.1006465542569342 0.11299624881669848 2.747925910255296E-5 0.10672698223475609 0.1348875561854532 -2.220489276946849E-5 0.0879725798757921 0.12381347739640274 1.0501428806468211E-4 0.061038906195260194 0.05954854477230992 -3.3899910550059476E-18 0.08279126985727052
 0.335000000 0.06127210144973725 -1.3462204697248782E-4 0.09350055084740835 0.08067664458576175 1.0860183938313915E-5 0.10060536807179768 0.11299365405922454 2.6988162548950204E-5 0.10671045063114895 0.13491853120512648 -2.415435556653736E-5 0.08797426965395543 0.12384665728260462 1.0697677151232705E-4 0.06103672813856972 0.05957517942543879 1.3316042515879392E-17 0.0827494279868276
 0.340000000 0.061285199608011015 -1.0227173047508943E-4 0.09348965910430107 0.08068931591130554 1.7212286842285934E-5 0.10057088593661274 0.11299222371997342 2.535166334591222E-5 0.10669614072821793 0.13494531077838023 -2.600980739346276E-5 0.08797555208657877 0.12387708345652407 1.0946117722369739E-4 0.061034348744241525 0.05959906118717517 4.792398739859072E-18 0.0827119529338363
 0.345000000 0.06130273754973719 -8.78012224764575E-5 0.09347137627021951 0.08070138842674811 1.829375004602223E-5 0.10054097732536578 0.11299308359651059 2.393465787308598E-5 0.10668427098866505 0.13496886117048248 -2.761734371715454E-5 0.08797627071965404 0.12390459724276795 1.1217655848252104E-4 0.06103188086796723 0.05962020924218148 -1.0326425666608799E-18 0.08267880078240447
 0.350000000 0.06131506304911365 -7.954340623864375E-5 0.0934567353357005 0.080711413999687 1.7295362966987666E-5 0.10051634059055639 0.112993704738726 2.277150643569341E-5 0.10667383303182752 0.13498932796303917 -2.874228348538534E-5 0.08797633387544403 0.12387845111766001 1.1188745372082601E-4 0.06100795546291677 0.05963898588450022 1.4520944364341003E-18 0.0826493921860819
 0.355000000 0.061324018966803014 -7.438753343049672E-5 0.09344544176840229 0.08071927402208416 1.5770987008304033E-5 0.10049487833919518 0.11299309402239295 2.1725862135059404E-5 0.10666476357357203 0.13500610052634765 -2.9729246035493895E-5 0.08797753468821572 0.12390540588216585 1.1117633762952694E-4 0.06100966970431174 0.05965562295159326 7.536720997106863E-19 0.08262335512139375
 0.360000000 0.061332164641919304 -6.985454226830652E-5 0.09343462352048647 0.08072573495268721 1.4192964258620907E-5 0.10047629045028272 0.11299200999603246 2.0703296593490753E-5 0.1066571743512809 0.13502005578471182 -3.062213343838277E-5 0.08797928788770715 0.12393171092733536 1.130511671955512E-4 0.06101211384829446 0.05967030815892629 -3.865694507217211E-17 0.08260038867035584
 0.365000000 0.06133939413220945 -6.606063120479298E-5 0.09342487602503378 0.08073117586232047 1.2767568037927894E-5 0.10046021497235484 0.11299119664454482 1.9860293527169157E-5 0.10665084699221258 0.13503226305725166 -3.123515271783871E-5 0.0879801828262615 0.12390447148183316 1.1246857305053115E-4 0.06099315824836226 0.05968324400424046 7.059051207868889E-18 0.08258017044695024
 0.370000000 0.061345805130995586 -6.275887589770534E-5 0.09341613659021725 0.08073580492026862 1.1551532493050235E-5 0.10044616077444597 0.11299016881578562 1.9173169342337744E-5 0.10664546378366506 0.1350421853849986 -3.180814738260325E-5 0.08798178069597791 0.12393216894116493 1.119013122785278E-4 0.06099849553656923 0.05969464695453741 1.320570534941354E-17 0.08256235767546645
 0.375000000 0.06135400939142046 -5.481810536573909E-5 0.0934068846231235 0.08074028797569782 1.2770179206704807E-5 0.10043335385646603 0.11299012122361567 1.765554170194155E-5 0.10664126242434911 0.13505088932674997 -3.265633466165644E-5 0.08798337764306663 0.12395759903604077 1.139174475030284E-4 0.061004686510092526 0.0597046664240284 7.107440406219614E-18 0.08254671348026758
 0.380000000 0.0613595064916705 -5.02450601333613E-5 0.09339966669689455 0.08074401003705549 1.237527118347836E-5 0.10042280127826751 0.11299006868362736 1.6919722943400895E-5 0.10663755768636268 0.13505865911123177 -3.313368319765366E-5 0.08798400931144683 0.12392779357700207 1.13418583982964E-4 0.06098758193308661 0.05971350426348884 7.937424136033245E-18 0.08253292000912227
 0.385000000 0.06136376627153923 -4.759362500839682E-5 0.09339359332420898 0.08074698883167755 1.1461806769302171E-5 0.10041354193810874 0.1129893338965977 1.6566513103118757E-5 0.10663428115734394 0.13506472017135465 -3.352344436651082E-5 0.08798558105896769 0.12395555387118927 1.1356801780667395E-4 0.0609953373284487 0.059721304698801006 1.0856664236783649E-17 0.08252075011948923
 0.390000000 0.06136790909620543 -4.638085283501198E-5 0.09338757470030758 0.08074941693903771 1.072545702206393E-5 0.1004052252747539 0.11298875412284079 1.6387571292389085E-5 0.10663159260964619 0.13507021654524753 -3.373205019154715E-5 0.08798634709527788 0.12392795633787794 1.1340125491355854E-4 0.0609815882656115 0.059728157976133824 8.379071804173644E-18 0.08251006140335587
 0.395000000 0.061370675009559394 -3.817265938306799E-5 0.09338726767536198 0.08075129132463908 8.607999013238282E-6 0.10039726179606065 0.11298844584852172 1.6746154929967603E-5 0.10662958764255273 0.1350746060609264 -3.3703038037785696E-5 0.08798765647838659 0.12395738274554222 1.1271826129913953E-4 0.06099093714155169 0.059734207199567235 1.3279611344394303E-17 0.08250062941752301
 0.400000000 0.061375574000155655 -2.98564827065761E-5 0.0933821228464153 0.08075346374544799 1.007810288239948E-5 0.10039047313461918 0.11298887728312018 1.5682543393846236E-5 0.1066279125158779 0.13507896893340715 -3.4103958807315284E-5 0.08798802389191852 0.12393082942753879 1.1277913383215356E-4 0.06097904966154994 0.05973953611224284 1.0998862857649314E-17 0.08249232263109212
