0.0 0.4 1.0
Linear 30 explicit
 0.000000000 0.05957410379504335 1.0012932344632269E-7 0.09991609575089333 0.0797831090221889 1.1336958541109531E-7 0.11053505082271707 0.1143900162404873 1.0408738342628917E-7 0.11027099139240445 0.12936698902295923 1.110025432383958E-7 0.08812305777754578 0.1222271 1.0E-7 0.062495100000000005 0.1212820538638835 8.787534780179893E-8 0.12358097221485724 0.13289597769826475 9.429368547433925E-8 0.11215603237818093 0.13231210000000002 -0.0021469 0.0924751 0.12370110000000001 1.0E-7 0.10868710000000001 0.0561215 0.0 0.0886421
 0.005000000 0.059577800621508366 9.925362983213895E-8 0.09976733753552007 0.07979465794706829 1.1272334062729547E-7 0.1103744034621286 0.11440548411722545 1.035756701388945E-7 0.1101156225941085 0.12940077562247426 1.0905030384514475E-7 0.08796952072012927 0.12225343832541481 1.1050010912733845E-7 0.062348032678630955 0.12127445688927768 1.3986385810185948E-6 0.12339275535433865 0.13287707465238602 -1.458229166381892E-6 0.11196484230974839 0.13232065079586766 -0.002148013906457342 0.09228254770758317 0.12369049581560095 -8.394733424298102E-7 0.10849033325365648 0.056156946108131045 1.0895000959254468E-18 0.08857620811260233
 0.010000000 0.059589862341475806 9.788936893123074E-8 0.09952549264379709 0.07981404405762182 1.1002267285840581E-7 0.11012253322198126 0.11443398678338891 9.739097718243822E-8 0.10989147980093014 0.12947387098434116 1.0797569670242549E-7 0.08776117070884334 0.12229251463642575 1.1884190371729923E-7 0.062157617642482135 0.12125696804246756 1.764531603810824E-6 0.12312175396930973 0.13285614948453595 -5.455754378097924E-7 0.11170474948710912 0.13231975434090915 -0.0021487320015550052 0.09200070406869167 0.12367698536389833 -6.064882919535674E-7 0.10821023607270708 0.05621342302319024 4.777138484033404E-19 0.08847148500439303
 0.015000000 0.05960944409320596 9.674730066118168E-8 0.09923617247466926 0.07983747682350381 1.0545348209586306E-7 0.1098314014217884 0.11446953718873487 8.564731202215466E-8 0.10965547145387015 0.1295737763461906 1.0522843353667E-7 0.08755303225399999 0.12233572009758675 1.2107978156048514E-7 0.061974260005212556 0.12124291703866621 1.6093322216541357E-6 0.12281380459824684 0.13284198904471095 2.7288066001807072E-8 0.11143236569277291 0.1323101404655493 -0.0021500113114873106 0.09171114426092415 0.1236592255921987 -2.7965513006598124E-7 0.10790313160083848 0.05628060113624259 3.829613049326271E-19 0.08834733802130969
 0.020000000 0.05963579954683635 9.772848323286982E-8 0.09893581043865396 0.07986843895141725 1.023703075226167E-7 0.10956592541447788 0.11452203255681669 7.17481076065357E-8 0.10943700072886528 0.12968813065878482 1.0144752031061987E-7 0.08736641419784034 0.12237718502075466 1.207306554661803E-7 0.06181630505668592 0.1212293109431094 1.2412953125693148E-6 0.1225134173376954 0.13283378406519833 1.1347979807145536E-7 0.11118934859553765 0.13229077259242863 -0.002151407108850395 0.09145291109245934 0.12364590428683264 -3.2402471959769766E-7 0.10761304969210728 0.056352257687663596 3.545975998908207E-18 0.08821541242159348
 0.025000000 0.0596719355442146 1.0134324271150103E-7 0.09865184403151812 0.07990624305801465 1.004486756940271E-7 0.10932683049841821 0.11458286171582499 5.429199947384011E-8 0.10924783508273052 0.12980597385409734 9.216853965794497E-8 0.0872085478518932 0.12241425307686282 1.17866677085755E-7 0.06168689441936289 0.12121429919846075 9.398890144817162E-7 0.1222466914544751 0.13283374364429887 2.419081635131011E-7 0.11099254476646711 0.1322642277252309 -0.002152607212406681 0.09124460978050047 0.1236398469591975 -5.974723869925356E-7 0.10736587352679672 0.05642406450085655 -8.912923967960427E-18 0.0880837209923246
 0.030000000 0.05971845452985303 1.0639022367871705E-7 0.0983913556135332 0.0799450872540045 1.0154110406394979E-7 0.1091252108786552 0.11465867081474151 3.783496434593137E-8 0.1090924498606149 0.12992063773670026 8.104894015971486E-8 0.08707692364340577 0.12244508901717573 1.1378534346185829E-7 0.06158346257447955 0.12119851763383527 7.132922766417216E-7 0.12202604338813552 0.13284030506929104 3.067495444191358E-7 0.11084390855104 0.1322344072619118 -0.002153530111465517 0.09108857897835933 0.12364043963505152 -8.913996532110894E-8 0.10717180234709785 0.05649369996037244 -3.7088565082005835E-18 0.0879564958467524
 0.035000000 0.05977094617829654 1.1257649465193132E-7 0.09816013848900397 0.07998686754976318 1.0414097353964551E-7 0.10895284414118737 0.11473630679386891 2.3715232487623625E-8 0.10896575001804397 0.13002818018231704 7.046361556356638E-8 0.08696874582112349 0.12247082167997989 1.0950858747114348E-7 0.061500784495891185 0.12118349736678087 6.411548005155693E-7 0.12185054149014748 0.13285238711033462 3.9819564361130027E-7 0.11073704508215652 0.13220559131303317 -0.0021541350512468875 0.09097754897616128 0.1236472100835221 3.199054639837396E-7 0.10702590184426775 0.05655962646882626 -2.5038053745959965E-18 0.08783648252968043
 0.040000000 0.05982457165439092 1.194936253009683E-7 0.09795802445274482 0.0800291139127516 1.0759319061400618E-7 0.10880495675384291 0.11480957495554761 1.2479922142900953E-8 0.1088623539431455 0.130126356189976 6.148628290960796E-8 0.08688001752399693 0.12249251889312991 1.0578351623394393E-7 0.06143399343548351 0.12117010280075559 6.210639421693862E-7 0.12171515264910285 0.13286754708125295 4.84462230217887E-7 0.11066237310138399 0.13218100261803867 -0.002154458412560409 0.09090095196174496 0.12365823906840578 5.992113564878411E-7 0.10692005014895238 0.0566210939090072 -5.144069455891646E-18 0.08772496507042529
 0.045000000 0.05987595852603498 1.267594827683017E-7 0.09778244938625691 0.08006934820173953 1.1149990255308571E-7 0.10867779277042101 0.11487585989723334 3.857964404733962E-9 0.10877750777188763 0.1302142245618053 5.420039054688729E-8 0.08680694476727258 0.1225109846152349 1.0289987592292015E-7 0.061379272545896514 0.12115860993402425 6.100033346193796E-7 0.12161261446440559 0.13288362794126946 5.545901791524259E-7 0.11061065089736077 0.13216238840878716 -0.0021545699594833446 0.09084863825289588 0.12367148211693642 7.963905495671768E-7 0.10684496048287648 0.05667782320003939 4.010846198577948E-18 0.08762236551263722
 0.050000000 0.05992316442209112 1.3404650277816144E-7 0.09763012745049524 0.0801059704792994 1.1556587389306263E-7 0.10856811628810548 0.11493417312213727 -2.6762185794339193E-9 0.10870740748606197 0.13029178163496644 4.833818066402379E-8 0.08674649422082081 0.12252694420747172 1.0077738123548292E-7 0.06133383406751513 0.12114894619915738 5.940075476120996E-7 0.12153564791910301 0.13289912172702306 6.090524411087973E-7 0.11057446843924595 0.13215014991710905 -0.002154539908357361 0.0908125117608944 0.12368529553724265 9.40384035810739E-7 0.10679222768531588 0.05673005856383069 -5.3162873862212265E-18 0.08752816479218233
 0.055000000 0.05996526769245415 1.4114065657763574E-7 0.09749788170053879 0.08013818627030958 1.1949782727775813E-7 0.10847324017281902 0.11498440759215152 -8.507809162761718E-9 0.10864914141491418 0.1303595432438432 4.265724978445606E-8 0.08669633388629075 0.12254090885393149 9.926434728511556E-8 0.06129572471318838 0.12114112504471226 7.250918183391435E-7 0.12147768922110823 0.13291354526715352 5.396551673815881E-7 0.11054830482383007 0.1321437461655558 -0.002154396209866478 0.09078668892137758 0.12369863782161358 1.0430960361804977E-6 0.10675491102598489 0.05677797399081167 -6.092080763577912E-18 0.08744198181202713
 0.060000000 0.060001745304326275 1.4766513559532883E-7 0.09738261584952536 0.08016537180808299 1.2280119581750147E-7 0.10839148790720109 0.11502498964126154 -1.3629753553913599E-8 0.10860013748638016 0.13041724348084793 3.7595742462380355E-8 0.08665516850591017 0.12255300682093548 9.792203639001032E-8 0.0612638097848091 0.12113505249933167 7.543224628579829E-7 0.12143354367111923 0.13292662291247662 5.524090976768568E-7 0.11052847582855614 0.13214210321451944 -0.0021542159440093847 0.09076732075987937 0.12371081107938103 1.1219045411224243E-6 0.10672811557645688 0.05682182426165498 5.0972427340823635E-18 0.0873633000437849
 0.065000000 0.06003244323294345 1.536991839173546E-7 0.0972832518298084 0.08018763907603624 1.2598473823641256E-7 0.10832080200548797 0.11505929154177978 -1.7823273183479338E-8 0.10855953319670265 0.13046706029209992 3.3447096389270944E-8 0.0866210558677588 0.12256385891241163 9.67242344081635E-8 0.061236801395527854 0.12113016776941837 7.373025580124955E-7 0.12139975052553291 0.1329381128893672 5.129951009136574E-7 0.11051288446826327 0.13214392861349614 -0.0021540351370638 0.0907521420811015 0.12372143245618897 1.2158511650935534E-6 0.10670872344880325 0.05686165293469597 -7.37740961023146E-19 0.08729199041129612
 0.070000000 0.060058362671607426 1.5912739598554364E-7 0.09719661422117443 0.08020587112611408 1.2889738815242183E-7 0.10825887022648911 0.11508779002879266 -2.088364845252126E-8 0.10852558310837426 0.13050993066008898 3.039923115209723E-8 0.08659280930503559 0.12257359231025439 9.561882640106554E-8 0.06121388771247322 0.12112613408017832 7.13751329090388E-7 0.12137365364317382 0.1329477697524992 4.673503951830166E-7 0.11050036590293409 0.13214796630146544 -0.002153859207533039 0.09073991004842176 0.12373042124136505 1.3051851975798677E-6 0.10669450292597422 0.056897786922500804 2.4470605807970667E-16 0.08722742370280716
 0.075000000 0.06007986373841392 1.6372549130155707E-7 0.0971204225379476 0.08022011674709996 1.3124793384639284E-7 0.10820481833318743 0.11510900930823442 -2.2848645982412798E-8 0.10849675647411282 0.1305456502619456 2.8385195493308083E-8 0.08656999280179169 0.12258212175093801 9.460320053817034E-8 0.06119468251846741 0.12112275858920576 6.921449758330438E-7 0.12135330985621383 0.13295604499101077 4.832465624846943E-7 0.11049006466284286 0.1321532179806918 -0.002153699299533526 0.0907298429756409 0.12373782865336716 1.347902038178807E-6 0.10668398599144147 0.056930620616935344 -3.715298087092995E-16 0.08716885926929104
 0.080000000 0.060097116891561345 1.67702119537927E-7 0.0970545445480033 0.08023086004927311 1.334603172906253E-7 0.10815807099205303 0.11512653679564952 -2.4170131060564652E-8 0.10847297017499741 0.1305762514133395 2.689340570757338E-8 0.08655126399580729 0.12258990163953416 9.375526572830854E-8 0.06117840350899498 0.12111987839306848 6.727642240038293E-7 0.12133734802602655 0.13296286862701526 4.880402895106589E-7 0.11048157017108276 0.13215888109593404 -0.002153558309383028 0.09072150575062476 0.12374385736304175 1.3761432936002894E-6 0.10667614109604616 0.056960267129761454 4.095384197085306E-17 0.08711606533457601
 0.085000000 0.060111281553217086 1.7113269164196452E-7 0.09699679868021804 0.08023913065469708 1.3547948009089554E-7 0.10811682348990714 0.11514071470753212 -2.4850967996498278E-8 0.10845308999756924 0.13060247226173596 2.5878862154242346E-8 0.08653590915547772 0.12259695643308206 9.296806074220147E-8 0.061164581617568624 0.12111739257185974 6.539324459297076E-7 0.12132474864620836 0.13296842863011124 4.865447474777837E-7 0.1104745447506992 0.1321644199674094 -0.0021534369022589155 0.09071458867084616 0.123748693685978 1.3981023340849746E-6 0.10667028918902931 0.0569870533118478 1.2142656032680636E-17 0.08706843464979769
 0.090000000 0.06012270327433296 1.7395395582615474E-7 0.09694556892834831 0.08024492118588401 1.3707768955008063E-7 0.10808040585059714 0.11514977574492367 -2.5216655714560286E-8 0.10843606516721888 0.13062387809663223 2.5062376355524587E-8 0.08652387812051007 0.12260313889652664 9.225699124523901E-8 0.06115308256846594 0.12111541989095516 8.275608932730396E-7 0.12131469452821486 0.13297295336202392 4.7609565049635E-7 0.11046871361416392 0.13216951639124186 -0.0021533307179856004 0.09070883684958639 0.1237525417571553 1.4172055239676557E-6 0.10666589484339628 0.05701134979889078 1.8168716905486982E-17 0.08702528808200716
 0.095000000 0.06013140093021609 1.7639067406323828E-7 0.09690127074318444 0.08024862652168967 1.3856899880297481E-7 0.10804907330948225 0.11515724388661387 -2.5574853284456132E-8 0.10842216693915986 0.13064224237651123 2.4253267503115887E-8 0.0865141176273674 0.1226088371699876 9.159046063963286E-8 0.06114332500509023 0.1211139888835442 7.96961143584423E-7 0.12130657635616665 0.1329766336168731 4.6998081595530993E-7 0.11046385320138358 0.13217400768268933 -0.0021532399412517453 0.09070404245586415 0.12375559166251739 1.433087815454537E-6 0.10666257172526625 0.057033229722888684 1.9423047978818968E-17 0.08698647919144531
 0.100000000 0.0601384380893946 1.7854526238022712E-7 0.09686224442969034 0.08025117801141889 1.3990800057166146E-7 0.1080212151543884 0.11516320107985803 -2.613893113708612E-8 0.10841056381254424 0.13065807631919815 2.3070791781422617E-8 0.08650617672471324 0.12261404808676934 9.0978121177889E-8 0.06113500338971628 0.1211127632297797 7.702306505545687E-7 0.12130007249738912 0.13297961473296632 4.6613599362450605E-7 0.11045980411988747 0.1321778455707696 -0.0021531690734607903 0.09070005139664114 0.12375800453031928 1.4489803203916513E-6 0.10666008460545583 0.057053007028152934 1.179602621179914E-17 0.08695143738455284
 0.105000000 0.060141461770281304 1.7876749702518232E-7 0.09682319642031073 0.08025234040742185 1.419003750172666E-7 0.10797808861648743 0.11515839839204824 -1.36304525107657E-8 0.10840230107273496 0.13068563106759482 7.598105152795382E-8 0.08651595132702374 0.1226136909442433 2.1771412341107566E-7 0.061137911826025404 0.12111281847402923 7.594524837675353E-7 0.12130956658660215 0.13299668760492764 4.321864491765287E-7 0.1104914853188251 0.13217584759590775 -0.002152267039340115 0.09072173173895987 0.1237708477457983 1.4826886160575017E-6 0.1066821706110371 0.05707387878245141 1.682542553139043E-17 0.08691449506231053
 0.110000000 0.06013867472401047 1.7591242275623368E-7 0.09677872796430083 0.08025061993448912 1.4666823176474647E-7 0.10791600720874453 0.11514140356914208 2.698962286173829E-8 0.10839660533603483 0.1307247980498007 1.9761532156691842E-7 0.08654322477763458 0.12260987084814648 4.5466687045674077E-7 0.0611514633941656 0.12111657581706674 7.419949071203719E-7 0.12133911532962803 0.13303075531684358 3.827796596275263E-7 0.11056020173642751 0.1321667963090812 -0.002150674778931922 0.09077977970266841 0.12379416469915254 1.5425738584658396E-6 0.10673307596304808 0.05709742166772717 1.3856820856547531E-17 0.08687287244199668
 0.115000000 0.06013037082290477 1.698013908727046E-7 0.09672526482233251 0.08024568094174352 1.5586540030029655E-7 0.10783427620002285 0.11511371285861909 1.0189264399711542E-7 0.10839097808852936 0.1307742441587278 3.7747494953484615E-7 0.08658264280286072 0.12260533900206227 7.552024458800118E-7 0.06117016314498882 0.12112427506462094 7.317725296637484E-7 0.1213918534752744 0.1330818249704595 4.3291918298121523E-7 0.11065474581462725 0.13215358761487855 -0.0021487751510686276 0.09086566802956016 0.12383033794852864 1.58972169527645E-6 0.10681140966380626 0.05712453091519634 1.8503379095048725E-17 0.08682500690019125
 0.120000000 0.06011791445651014 1.6115078529993265E-7 0.09666079676069167 0.08023827043819105 1.701554613715326E-7 0.10773341389705804 0.11507800220979392 2.0896248445875818E-7 0.10838279694206794 0.13083330315368047 5.980952897470296E-7 0.08662861450913284 0.12260202002708331 1.0823683764473285E-6 0.06118878951636187 0.12114101450767327 7.201488680384329E-7 0.12146750394114543 0.1331543236690835 4.230727600059257E-7 0.11076335209350625 0.1321380626723864 -0.00214679995594827 0.09096737881053757 0.12388029288602681 1.6404771170057695E-6 0.10691860752367327 0.05715567019982932 -6.328773316433801E-17 0.08677010764267593
 0.125000000 0.060100703002435994 1.4894733707049047E-7 0.0965958482477126 0.08023636386401958 1.8755081625561184E-7 0.10762383688642962 0.11503897709758933 3.4082474653770394E-7 0.1083696630130785 0.1309020400635958 8.43225811708538E-7 0.08667659575770373 0.1226009258359611 1.4144857626229557E-6 0.061203724695752755 0.12116422336565104 7.026098530909211E-7 0.12158638380400509 0.13327891804788014 5.981144564248973E-7 0.110976929485459 0.1321124726471103 -0.002141779086683184 0.09114737478779539 0.12395941976162397 1.724473728679401E-6 0.10709393780549716 0.05719111129508859 -3.6187983076460955E-16 0.08670773040276093
 0.130000000 0.06008338840310818 1.3536766871191408E-7 0.09652659407364854 0.08023795567389452 2.0818579922762281E-7 0.10750213857179487 0.11499874237830307 4.89468335877616E-7 0.10835115880424533 0.1309805489213392 1.101553667617028E-6 0.08672396794022089 0.1226026152924336 1.7421031615714588E-6 0.06121318699072076 0.12119452650403505 6.573854240039894E-7 0.12175686501274355 0.13344515191133205 7.778779108909137E-7 0.11128443776139632 0.13207566667671977 -0.0021343977976597643 0.0914246847874846 0.12406883392640615 1.9742554860172977E-6 0.10733987516901289 0.05723069772221803 7.19201120099137E-18 0.08663819040475741
 0.135000000 0.06006719018340073 1.2180058843999723E-7 0.09644980620537114 0.0802424362266123 2.3114195355776726E-7 0.10736845639165428 0.11495857234666873 6.46032867747446E-7 0.1083277648555678 0.1310685952171114 1.3635519275115536E-6 0.08676976856025065 0.12260745178245502 2.0597757473168627E-6 0.061216739476644945 0.12124468870607466 5.951382601931715E-7 0.1219587344184993 0.1336262974036841 8.004461983234935E-7 0.11167185699859321 0.13203421611302626 -0.0021249933985954803 0.09178339421872754 0.12420194514329638 2.2707516183480886E-6 0.10763423017960867 0.05727424682048618 -8.06126670740053E-17 0.08656185087907657
 0.140000000 0.0600579432998122 1.1023803152747543E-7 0.09638320590749852 0.08025206841991296 2.551569186418437E-7 0.10722475017727692 0.11491930743718272 8.011149026090039E-7 0.10830083512448455 0.13116594479407084 1.6219960435900917E-6 0.08681455602945588 0.12261588205061559 2.368748998251763E-6 0.061215262745804196 0.12130393941563658 6.146901958973862E-7 0.12218221768202299 0.13382586359266826 5.55684176200807E-7 0.11209968940575936 0.13199099620990284 -0.0021149527692412807 0.09219459526332473 0.12434660120408784 2.5784343667983113E-6 0.10797429317856712 0.05732146596362195 -2.860045300660978E-17 0.08647926822911342
 0.145000000 0.060052238076567455 1.0047390413923252E-7 0.09631169137637524 0.08026481432209939 2.7927414819102176E-7 0.10707228610744211 0.11488114274011169 9.494181736899107E-7 0.10827165750677101 0.13127166197095136 1.8729387259179005E-6 0.08685848367213775 0.12262760022183931 2.6672443832882815E-6 0.06120926346799477 0.12137627905265669 6.583211908028072E-7 0.12240723970012786 0.13404509032891804 3.4557690884232795E-7 0.11249100011739654 0.13193408307549415 -0.0021030452505341386 0.09259416238069718 0.12450158113003955 2.8394122679712944E-6 0.10832229852768549 0.05737195320530624 -2.523606050668611E-17 0.08639118776362907
 0.150000000 0.060061422845566356 9.64037224632941E-8 0.09622786040675951 0.08028340549815165 3.0313591763076893E-7 0.10691256318705794 0.11484717341979865 1.0903274716735108E-6 0.10824087591608869 0.13138573173762932 2.1172592673280124E-6 0.08690114774441558 0.12264241774113167 2.9555059596453396E-6 0.06119914178108008 0.12145781559546834 6.933633343254776E-7 0.12262347401480894 0.13426299203041334 2.6482121908061563E-8 0.11284887399175716 0.13187282949199047 -0.002091043172084367 0.09297014344553432 0.12465204731897082 2.972516393658435E-6 0.10865929739598781 0.05742514965688328 2.2705101177795867E-17 0.08629862296392618
 0.155000000 0.060061495192446905 8.931946639864359E-8 0.09614008904346673 0.08030026551492062 3.256361265094539E-7 0.10674643988708478 0.11481157468819675 1.2245677748931E-6 0.10820877951828807 0.1315049536265698 2.3550665366427225E-6 0.0869439530127633 0.12265993550291333 3.234658121705965E-6 0.061186176338394724 0.12154354909910542 7.182005300036206E-7 0.1228257080705906 0.1344690510058308 -4.027118094798468E-7 0.11317310788675045 0.13181645065226363 -0.0020798759670724817 0.09332046799967009 0.12479182833182399 2.9891606783021095E-6 0.10897649952833344 0.05748097689930841 -2.848748480697611E-17 0.08620174607603094
 0.160000000 0.06007431357289615 8.789229441683501E-8 0.09604112554552725 0.0803198895974592 3.4769570733584307E-7 0.10657570493465657 0.11477791700985447 1.356006191735397E-6 0.10817600758340226 0.1316290890577902 2.5924647967327216E-6 0.08698670374994198 0.12268022148275011 3.22116783960277E-6 0.06117138449777432 0.12162987423586173 7.336307867793908E-7 0.12301188633116134 0.13465986861306697 -8.832080686024236E-7 0.11346608775560613 0.1317687286601124 -0.002069406391663103 0.09364430278176838 0.12491950245064047 2.9190705490530115E-6 0.10927088828700939 0.057538812516380475 -2.839601824704321E-17 0.08610166916488773
 0.165000000 0.060093218139502434 1.7821078903047014E-7 0.09593398490516702 0.08034174690700338 4.699717109350141E-7 0.10640133159947206 0.11474646960885247 1.7089996000987387E-6 0.10814341609407915 0.13175795873703433 3.1750442864611036E-6 0.08703065317422216 0.12269952857782816 -6.321772776135148E-6 0.061171792551881723 0.12171490522419853 7.486909725337256E-7 0.1231817610247099 0.1348358170682334 -1.35315069488078E-6 0.11373088632911589 0.13173061531927605 -0.0020596518272848756 0.09394244900459497 0.12503626951363497 2.790876355520094E-6 0.10954270866642941 0.057598323394924156 2.744924146860646E-17 0.08599899434702923
 0.170000000 0.060098444131389823 2.8675970528190754E-7 0.09582598647657598 0.0803584874724318 6.02912520148012E-7 0.106223327101168 0.11471178008924214 2.064501303783913E-6 0.10811111098288648 0.1318881585559861 3.7273530502456995E-6 0.08707602663620867 0.12272044427439538 -1.6226499876793553E-5 0.061171563227638726 0.12179777025028003 7.651874145072747E-7 0.1233363765881273 0.13499887165820318 -1.801094591723927E-6 0.11397206155437002 0.1317012892136244 -0.002050533983976637 0.09421789648429219 0.12514415044756902 2.6210365054394984E-6 0.1097941785097784 0.057659334049527056 2.839944300413972E-18 0.08589404669194535
 0.175000000 0.060114228078976914 3.511775438516461E-7 0.0957077863839364 0.0803692011014116 6.909473479454265E-7 0.10603836460203198 0.11467388169845191 2.284051879135753E-6 0.10807974589971223 0.1320187331248618 4.069783555637893E-6 0.08712394795688763 0.12274549519226301 -2.0869444675016355E-5 0.061184694367895656 0.12189131426986856 7.878424016220725E-7 0.12346980505923166 0.1351416404504889 -2.2406337050534075E-6 0.11420154878684942 0.13168236872841252 -0.002041917700736625 0.09447711087764976 0.125245027243458 2.4016035623261213E-6 0.11001585427839615 0.05772134672288102 1.2438098710544035E-16 0.08578769976325366
 0.180000000 0.06013966818722323 4.127817865421876E-7 0.09559141313384426 0.08037961695119328 7.765273465883841E-7 0.10585091962181734 0.11463528513287415 2.4965675504683133E-6 0.10804947199792389 0.1321496575082873 4.42730778717987E-6 0.08717331335506216 0.12277223320115759 -2.5439387168398793E-5 0.06119750354705609 0.12198053785718437 8.056670718975253E-7 0.12359002793695147 0.13527569021646277 -2.6674592317796844E-6 0.11441534531821579 0.13167141002209812 -0.0020338214525700018 0.09472214869606103 0.12533859324721802 1.4851010940869923E-6 0.11022198575308477 0.05778401226359394 2.0113099045617888E-17 0.08568056312663959
 0.185000000 0.06016896208571768 4.823762979059618E-7 0.09547162792237117 0.08039049840123674 8.682953324823016E-7 0.10566350818313044 0.11459716477048852 2.7003426130857046E-6 0.10802020684090205 0.13228109376015315 4.788637952033598E-6 0.0872234695606689 0.12280000403687961 -2.9781739058682337E-5 0.061210182947269674 0.12206599233465298 7.192718252086005E-7 0.12370154409390197 0.13540277195427786 -3.1264159892933298E-6 0.11461508126061154 0.13166568626963854 -0.0020262330819866207 0.09495415555106357 0.12542672171042146 1.490718578216258E-6 0.11041834246772686 0.05784714695756812 1.5706111415726932E-17 0.08557295746625748
 0.190000000 0.060174337370150016 4.960952659024976E-7 0.09534643208144808 0.08038152762693379 8.87638759520775E-7 0.10546668177922847 0.11455108220505636 2.7286589901172407E-6 0.10799063111197717 0.1324086598496044 4.9348603779218485E-6 0.08727756802323824 0.12281851251913974 -2.656535302929742E-5 0.06122563575968236 0.12214879099667354 7.093665122749419E-7 0.12380510501238971 0.1355242565076695 -3.5181549347510377E-6 0.11480335784539437 0.13166384382521162 -0.002019044365804393 0.09517475887117066 0.12551144107507253 1.4299774953027089E-6 0.11060541565994504 0.05791080358895783 1.8540702036631173E-17 0.08546479836067941
 0.195000000 0.06017215494499857 4.977178954908045E-7 0.09521845726895285 0.08036404331145333 8.92109748676926E-7 0.10527025170165973 0.1144980758319896 2.7589753872960765E-6 0.10796221022137577 0.132532088181004 5.139200398038769E-6 0.08733499322681129 0.12283828229295073 -2.3440300217791324E-5 0.06124142281825776 0.12222926340975555 7.177952796117976E-7 0.12390213423867438 0.1356403033488323 -3.881951865474982E-6 0.11498187622063921 0.13166516646510154 -0.0020122112145437385 0.09538549531727117 0.12559298781450315 1.2761617639130904E-6 0.11078438106228866 0.05797466788171731 1.535882079757048E-17 0.08535662325187489
 0.200000000 0.060179307831622945 5.047087748635545E-7 0.095058532423457 0.08032216600736788 9.07322290811565E-7 0.10504247513730137 0.11443653331759031 2.8160250056879294E-6 0.10793358580196771 0.13265483211574103 5.3792031213322214E-6 0.087394874030308 0.12286021987368416 -2.0734094563572178E-5 0.06125681358034308 0.1223074622214332 7.239451067038422E-7 0.12399353898080041 0.1357509860124803 -4.227575588028974E-6 0.11515160052785588 0.13166918255821747 -0.002005737202434175 0.09558730276431533 0.12567128808969383 1.0827369062954507E-6 0.11095596242930862 0.05803770850069227 2.058766968663203E-17 0.08525017192075862
 0.205000000 0.06019480677801872 6.308609616390207E-7 0.09494473196697285 0.08031807768242297 1.0472628707194555E-6 0.10484378273986886 0.11437898633647367 3.285926017150357E-6 0.10790663064217496 0.13277821432677545 6.672131713054436E-6 0.08745448277460662 0.12288742601844338 -2.1572602360932017E-5 0.061271123539189835 0.12238337317027642 7.083892242839434E-7 0.12407981079454664 0.1358564121874262 -4.5601329093683454E-6 0.11531299488421025 0.13167548045484856 -0.0019996217131797362 0.09578055914686255 0.12574628751490047 8.772959203796983E-7 0.11112051709838557 0.05810097698902893 1.546025871926259E-17 0.08514366182912966
 0.210000000 0.06023363290481069 7.0519849907531E-7 0.09483082463409016 0.08029151553436664 1.1644346501968665E-6 0.10462590634850288 0.11431961736191473 3.81980411948059E-6 0.10787896801706404 0.1328997349022653 8.15756748462728E-6 0.0875158771915659 0.12291617914525062 -2.265107124897528E-5 0.061285110126203975 0.12245701251386658 6.754474720861962E-7 0.12416127883728019 0.13595676870993578 -4.871296976360253E-6 0.11546641412857327 0.13168369645836714 -0.001993848437568223 0.09596544896960853 0.12581800725782472 6.797807912357212E-7 0.11127824609015435 0.05816341570550089 -4.289872470642291E-17 0.08503886668935845
 0.215000000 0.06026236422249849 6.924917855171615E-7 0.09472993636384147 0.08027892433274536 1.2053827028365374E-6 0.10442537025042661 0.11426033099234194 4.219906105614533E-6 0.10785215554967015 0.1330175613541992 9.142125305873049E-6 0.08757822676175492 0.12295264640098251 -2.4116713991543132E-5 0.06129700317209861 0.1225284087805826 6.488270015503795E-7 0.12423823195258932 0.13605229042519285 -5.146466525749117E-6 0.11561225006729697 0.13169349835029026 -0.0019883927970094284 0.09614220330292325 0.12588651651451638 5.045666169496204E-7 0.11142936759983568 0.058225830419200555 3.153324576934311E-18 0.08493442551338504
 0.220000000 0.06028985487104667 6.744075247914582E-7 0.09463577055549058 0.08026934895504118 1.2500317935039924E-6 0.10423456278162863 0.1142011086184638 4.604858661009367E-6 0.10782636647064456 0.13313240038115742 9.95710764640366E-6 0.08764180427285086 0.12298921251377304 -2.5642834977296407E-5 0.06130921136476246 0.12259760091714973 6.365987620768378E-7 0.12431097381697426 0.13614323223161337 -5.3855160304153505E-6 0.11575097040337695 0.13170459202660578 -0.001983234389060397 0.09631116983593233 0.12595191782963952 3.5052582826020133E-7 0.11157417504251275 0.058287720280533625 9.109397535134184E-18 0.08483117023146246
 0.225000000 0.060318874249521724 6.7202736257251E-7 0.09454395923435958 0.08026136363942049 1.3113209131822946E-6 0.10405092241941158 0.11414219937658207 5.000934661414672E-6 0.10780173310976954 0.13324446458561928 1.076947916041798E-5 0.0877061585396912 0.12302590811675737 -2.7489562249393874E-5 0.06132165652847731 0.12266463885863578 6.341617234719684E-7 0.12437982243606369 0.13622985650525135 -5.5949738353199E-6 0.11588309270137455 0.13171672181790348 -0.001978356288291113 0.09647279430941927 0.1260143505170944 2.1198638168816716E-7 0.11171303080587756 0.05834895084471377 1.3189688953897811E-17 0.08472931440233644
 0.230000000 0.06033673583709408 5.968964122756177E-7 0.0944578924509198 0.0802525389528542 1.302565940979424E-6 0.10386129595995701 0.11403980456986636 5.225472746022943E-6 0.10776874565606831 0.1333454245034529 1.1296036981618434E-5 0.08778105956615681 0.12307229260203192 -2.288259963413274E-5 0.0613419717806621 0.12272951138690034 6.287645766230782E-7 0.12444507107757503 0.136312360913592 -5.7858820624257945E-6 0.11600918364821024 0.1317296670470347 -0.001973726166691661 0.09662756716217806 0.1260738831453074 8.263177234077159E-8 0.11184634157881031 0.05840925685220141 6.755130707287957E-18 0.08462928587603821
 0.235000000 0.06036147968768136 4.896007261768999E-7 0.09438992085311301 0.08025869245294559 1.2522277575705096E-6 0.10368220232485288 0.11394788389381734 5.291808935352507E-6 0.1077387226451641 0.13344822205113696 1.1680323242459255E-5 0.08785302425064444 0.12312666366288573 -1.3691183261355764E-5 0.06135934862190677 0.12279231989992968 6.165942269686517E-7 0.12450698470098992 0.13639103476595676 -5.96179443439403E-6 0.11612961571249644 0.1317432570300505 -0.0019693525358413524 0.09677591200785048 0.12613077237669304 -3.8252889411812635E-8 0.11197443835842168 0.05846864251174143 9.185141935650981E-18 0.08453106273498409
 0.240000000 0.06039395928422505 4.836544175071714E-7 0.09433433240435928 0.08027373040143088 1.292102904874125E-6 0.10351431480766478 0.11386775398486425 5.549701111654248E-6 0.1077104384891501 0.13355312311682593 1.2294654618519259E-5 0.08792136065738589 0.12316098054661007 -1.229803174606418E-5 0.06137611221201663 0.12285320251217767 6.044262892222892E-7 0.12456572884652041 0.136466233057683 -6.118381995728181E-6 0.1162446861574166 0.13175734597804636 -0.0019652221695495337 0.09691814622337028 0.12618529984753474 -1.466244184813135E-7 0.11209759491476627 0.05852724664019307 -3.492146825317142E-18 0.0844344018052817
 0.245000000 0.06043062816524974 4.135339875287038E-7 0.09427768976848198 0.08029156944379516 1.270928440937105E-6 0.10335377847868817 0.1137956290961344 5.6558859033538105E-6 0.10768340908873501 0.13365755618813832 1.266607625504145E-5 0.08798783254458917 0.12320770293534568 -5.679595570754685E-6 0.06139220505655072 0.12291231263706905 5.972035317801435E-7 0.12462149076948413 0.13653827925366013 -6.25505939680058E-6 0.11635474387290501 0.13177182828823103 -0.001961316195164037 0.09705460290357885 0.1262376945227967 -2.4279597688618434E-7 0.11221607987495633 0.05858501948094663 2.585355443771367E-18 0.08433937252090622
 0.250000000 0.06046958425557741 3.578860276204108E-7 0.09422074493943253 0.08031031282911977 1.2641368048597854E-6 0.10319910211185583 0.11372889776237484 5.795358539768954E-6 0.10765778659185149 0.1337606913299301 1.3058999668793937E-5 0.08805350887899792 0.12325149951988018 -5.106870105235203E-7 0.06140795755891236 0.12296977805061704 5.958596860089847E-7 0.12467449737473234 0.13660742913822768 -6.3730782667349296E-6 0.11646018664175414 0.1317866294456957 -0.0019576151052162656 0.09718566724557262 0.12628812274846832 -3.2763818859802446E-7 0.11233020168732212 0.05864197775061646 4.662878962398385E-18 0.08424593482936753
 0.255000000 0.06050977660780481 3.171425513641282E-7 0.0941642220749101 0.08032903162482642 1.2724292420759023E-6 0.10304944653089103 0.11366575585514839 5.971410186815801E-6 0.10763352490567661 0.13386187858473653 1.3473928586354648E-5 0.0881188422641929 0.12329264682891747 3.234865319299469E-6 0.06142345699408076 0.12302570147772561 6.001067005895947E-7 0.12472499977073956 0.1366738858197367 -6.474034857593953E-6 0.11656142832782747 0.1318016886393259 -0.0019541003103175475 0.09731174963241294 0.12633670444534223 -4.0239118031361663E-7 0.11244029770443334 0.058698090523531726 1.3586383909390197E-17 0.08415412711691635
 0.260000000 0.06055051074613581 2.881283338061145E-7 0.09410856979495777 0.08034721032661173 1.2925743323223064E-6 0.1029042162357026 0.11360499511227652 6.173704693011133E-6 0.10761051798880458 0.1339607553655279 1.3901021748702497E-5 0.08818409738678676 0.12333195026569654 5.856815719095862E-6 0.061438842923987214 0.12308016963832806 6.089536814799182E-7 0.124773241746556 0.13673781882725566 -6.560009737407942E-6 0.11665885335714314 0.13181694657378923 -0.0019507556679453117 0.09743324199728765 0.12638353419035914 -4.686899214945986E-7 0.11254670036982244 0.05875337152062384 1.0007400040440299E-17 0.08406391477528727
 0.265000000 0.06060200454031792 2.466982535104243E-7 0.09405967119460025 0.08036144690051157 1.324584608396033E-6 0.10275873223662056 0.1135474583730661 6.396988508620007E-6 0.10758912235108718 0.13405792075810447 1.4340367194783048E-5 0.0882491420350076 0.12337018511188746 7.610156795226084E-6 0.061454180212953846 0.12313326225234501 6.210673790779063E-7 0.12481941558694583 0.13679938073561695 -6.633297844106324E-6 0.11675277165189336 0.1318323409309747 -0.0019475714545799305 0.09755047746772798 0.12642871183764573 -5.28206577146842E-7 0.11264970095808542 0.05880761088764115 -3.458470516731375E-16 0.08397562718359901
 0.270000000 0.060666739464813435 2.5155082841479223E-7 0.09400993814416894 0.08036545373328194 1.4254863318924015E-6 0.10256350894069928 0.11344569978964114 6.654493287798364E-6 0.107562577745636 0.13414139275766018 1.4722890464301717E-5 0.08832386005814183 0.12340090661672191 7.2359426955080716E-6 0.06147154554269074 0.1231851469381228 6.404119409478509E-7 0.12486405762613759 0.13685884127004053 -6.6901160345275025E-6 0.11684398215545082 0.13184793804181774 -0.001944502188522896 0.09766409859984224 0.12647230796000541 -5.794954887125292E-7 0.11274980464622561 0.0588613530458239 -5.615683604767038E-17 0.08388836744761397
 0.275000000 0.0607215631139166 2.672174555976379E-7 0.09399398585681079 0.0803527770592773 1.6096847061403843E-6 0.10231317997273688 0.11328755182601037 6.933310615554819E-6 0.10753459098152789 0.1342130674952906 1.505976119954599E-5 0.08841220649645808 0.1234361987851457 6.921968611183431E-6 0.061489988387958605 0.12323510359751244 6.567807668408887E-7 0.12490902627456218 0.1369078610127323 -5.789137742143178E-6 0.11692984112096572 0.13184219421802018 -0.0019397911220400087 0.09776866931445535 0.12650129771050006 -4.7315224675711724E-7 0.1128470275200341 0.058913391511275365 -8.377893769558131E-19 0.08380408013023248
 0.280000000 0.0607547359281936 3.103483502968531E-7 0.09398926574698652 0.08032785651070029 1.8167293705237539E-6 0.10207873062593024 0.11310587333695847 7.215242723087425E-6 0.10750376807626279 0.13426985881384998 1.5354919311561716E-5 0.08851054961110734 0.1234705823076932 6.255925738626641E-6 0.06151044823211215 0.12328313978445157 7.307524109082692E-7 0.12495421703457849 0.1369545303786999 -5.5076024070167886E-6 0.11701537329163735 0.13182909896630993 -0.0019364649566961847 0.09787420268320081 0.12652683091148928 -3.4691677060818635E-7 0.11294366926644163 0.058965580944847315 -1.374589850788366E-16 0.08371975096087741
 0.285000000 0.060782408740492615 3.710850204473193E-7 0.09397115294531058 0.08029836872670024 2.016783156283275E-6 0.10187764685280061 0.11293035139324753 7.486942846343764E-6 0.1074753324197182 0.13431976365587012 1.5620543950310473E-5 0.08861158776334618 0.1235052700756587 5.361257494576854E-6 0.061532290014036435 0.12332965309229904 8.093992012887411E-7 0.12499902757577967 0.1369995345196061 -5.607596089699256E-6 0.11709928120422819 0.13181243102285917 -0.0019341875659413714 0.0979800726637295 0.1265511274720341 -3.686234061700964E-7 0.11303943748664524 0.05901726210313517 4.4136186414610796E-16 0.08363644204904826
 0.290000000 0.06079755852499424 4.3374141286845854E-7 0.09397113250624632 0.08027186940660122 2.2022880276140586E-6 0.10169658624742363 0.11276479751507928 7.740365765877254E-6 0.10744839667985874 0.1343665784340057 1.5871803868278185E-5 0.0887116388325401 0.12353822089828469 4.423916282673257E-6 0.061554333833104845 0.12337507681533955 8.686622181882751E-7 0.1250425973723266 0.1370440619327774 -5.9310432380815066E-6 0.11718129822778887 0.1317930465100585 -0.0019326494286900672 0.09808488097894705 0.12657587895061734 -4.77750871071837E-7 0.11313370407281122 0.05906836704289854 6.943767611713865E-18 0.08355425569291762
 0.295000000 0.06083046941764143 4.5603358667091524E-7 0.09400939625111494 0.08024326261650572 2.387953255353321E-6 0.10147801048539562 0.11260014021141183 7.983505832998725E-6 0.1074271034319752 0.13441797382193502 1.6121801041158684E-5 0.08880999297351151 0.12357487334726447 3.4549765831052305E-6 0.061576478656284975 0.12341947921110898 9.064275035949022E-7 0.1250842999869867 0.13708709239462913 -6.176807212709473E-6 0.11726034862217286 0.13177327177405643 -0.0019313190560833894 0.09818718205146551 0.12659997611394397 -6.123197207296853E-7 0.11322532435057238 0.05911722059215778 -2.6755164332685248E-18 0.08347586916962374
 0.300000000 0.06084461472722946 4.12809209583117E-7 0.09401213876039967 0.08022777617244811 2.5123009758642213E-6 0.10133374295472278 0.11247857812228429 8.214516979735547E-6 0.10740634195919181 0.13447101521045332 1.637938045379812E-5 0.08890025840988251 0.12360695933468305 2.4052994709774045E-6 0.06159802195688593 0.12346289836728332 9.446542649083715E-7 0.125123530916126 0.13712967185309594 -6.518884131301733E-6 0.1173365515233374 0.13175312614118867 -0.0019303943727216031 0.09828660226367095 0.12662460565756511 -7.337192266256054E-7 0.11331391108817021 0.05916732202446172 -4.654399374155045E-18 0.08339566141607914
 0.305000000 0.06086519603398332 3.8856140326230634E-7 0.09399539908840944 0.08023092196649699 2.5927065260284403E-6 0.10122691804657426 0.11239856221516854 8.430343617253011E-6 0.10738354771432491 0.1345213025702718 1.6622668690009873E-5 0.08896454083838397 0.12363693652554414 9.686872682829936E-7 0.06161108183646235 0.12350091299974185 9.789675288864388E-7 0.12515322347110117 0.1371625296280538 -6.649751493641962E-6 0.11738984083731879 0.13173268627009468 -0.0019296370392993232 0.09836700960906936 0.1266421027244153 -8.16169966571825E-7 0.11338390686019947 0.05921491719146785 8.319056144186917E-16 0.08331963491792885
 0.310000000 0.06089414985531405 3.659044729017631E-7 0.09396909819481944 0.08024690029463895 2.654580817098742E-6 0.10113632184132468 0.11234877408437238 8.619541380743487E-6 0.10735800090950301 0.13457068170301667 1.6871442109521263E-5 0.0890036445666358 0.12366292410561552 3.02522206744194E-8 0.06161465018371846 0.12353194620668248 1.0158072905860522E-6 0.12516911071873185 0.13718653328780606 -6.863621244590187E-6 0.11741878381632577 0.1317131448819668 -0.0019295110811506009 0.09842094969538105 0.12665390359942102 -8.681089714142106E-7 0.11343089337582611 0.059258974798004745 2.156660528149469E-17 0.08324940521881205
 0.315000000 0.060927184790233305 3.4761683360375115E-7 0.09393796232176757 0.08026863209855678 2.7044978460047922E-6 0.10105706514653297 0.11232060771014027 8.791341180996704E-6 0.1073306886647784 0.13461887170141648 1.7122429031612042E-5 0.08902419586209913 0.12368773720368662 -1.0718010911511987E-6 0.06161196914409879 0.12355682476676916 1.0417917687754234E-6 0.12517172361407455 0.13720376770803985 -7.058152640457505E-6 0.11742548087059781 0.13169203316722813 -0.0019296052678789977 0.09845082111197376 0.126662977343243 -9.209884720966054E-7 0.11345717214104463 0.059299286501655515 1.2236601114000939E-17 0.08318526913496176
 0.320000000 0.06096063744948266 3.2237199391392443E-7 0.09390564741621568 0.08029217729926943 2.7343157296502346E-6 0.10098778825616785 0.11230654042456455 8.923483057708965E-6 0.10730358174064895 0.13466510173245724 1.733657265737464E-5 0.08903374936737937 0.12371098352957066 -2.198753337380947E-6 0.061605628418832846 0.12357606968767879 1.0550681243937143E-6 0.12516528544001732 0.1372166034762536 -6.870144730273266E-6 0.11742431096170157 0.13167900591011214 -0.001929153822610497 0.0984648820505225 0.1266690049245695 -9.039683513609003E-7 0.113469830041461 0.059335808992695006 3.092027888923786E-17 0.08312726237084485
 0.325000000 0.06099239684281874 2.738424595276275E-7 0.09387437986432322 0.08031508466076329 2.729521277168831E-6 0.10092758561615127 0.1123007136595683 8.98293300178451E-6 0.10727841560823828 0.1347083288367914 1.743695598598265E-5 0.08903826591065177 0.12373313184012798 -3.167639409380315E-6 0.06159814288160111 0.123590854659477 1.0793897288404375E-6 0.12515409044389866 0.1372265236500013 -6.700026856719668E-6 0.11741797263455549 0.1316704544851502 -0.0019287527840550387 0.09846994536060265 0.12667421390187894 -8.428867343568672E-7 0.11347475732576683 0.05936859957255991 2.6987909320720517E-17 0.0830752640517563
 0.330000000 0.06102119906225553 2.1969929146764118E-7 0.0938456571495208 0.08033610649011663 2.7136155170417685E-6 0.10087526822918623 0.11229898827481154 9.02828312746362E-6 0.10725583305478464 0.13474705660479264 1.755129887736618E-5 0.08903980405597976 0.12375369694449155 -3.876320605706709E-6 0.061591173105600666 0.12360224836955418 1.0999551281884584E-6 0.12514145068837979 0.13723490199548766 -6.81670057775908E-6 0.11741109263474805 0.13166554648983966 -0.001929079637315628 0.09847108382701039 0.12667917319342806 -8.314639014633624E-7 0.11347631361430004 0.059397787253435134 1.7879625969775135E-17 0.08302904356282695
 0.335000000 0.06104629376941696 -1.2935181696173563E-6 0.09382076170816078 0.08035433440506853 5.128598340259567E-7 0.10083110114328664 0.11230001000956405 8.385465289231328E-6 0.10723632626627948 0.13478109125437657 1.7608235836450207E-5 0.08904006044625433 0.12377304757279003 -4.415306433806506E-6 0.061585557548492514 0.12361115740625216 1.0940474488354305E-6 0.12512943840167876 0.13724196832257993 -6.901875838827782E-6 0.11740448703220598 0.1316624574138157 -0.0019293924330739433 0.09847089580418515 0.1266839142307581 -8.696929346732651E-7 0.11347681034798104 0.059423617090584274 2.1353380859287122E-17 0.08298819092181896
 0.340000000 0.06106748147020252 -3.5104986909799458E-6 0.0937984912992248 0.0803696619322338 -4.375510980291979E-7 0.1007944387146177 0.11230247118968505 8.068713721857022E-6 0.10722015150936569 0.1348110188123268 1.778666680759062E-5 0.08904077695234382 0.12379082338207598 -4.727218465629361E-6 0.061581277603521986 0.12361816149938762 1.0729127067493697E-6 0.125119135979643 0.13724826725607384 -6.5593684894443185E-6 0.11739992859892769 0.1316614704888006 -0.0019289544176539452 0.09847087169558046 0.12668834769679235 -8.50360578364507E-7 0.11347763227941088 0.05944635703494905 5.0741928456819515E-17 0.0829522644232149
 0.345000000 0.061078925560090425 -8.673031367370113E-6 0.09378156705374277 0.0803811127734644 -6.761717723911908E-7 0.1007645536939493 0.11230286394122248 8.187488031019678E-6 0.10720623203611608 0.13483546220530065 1.811480675368267E-5 0.08904225730191982 0.12380733953026284 -4.789464746260614E-6 0.06157864354169937 0.1236237390143276 1.0722938174764408E-6 0.1251108458064496 0.13725354021048472 -6.441569460395312E-6 0.11739639840071926 0.13166057145100052 -0.0019286360352833705 0.09847127434590137 0.12669222379033435 -8.284038715268214E-7 0.11347899791499919 0.05946632435182947 -1.0109885557122141E-18 0.08292074851646361
 0.350000000 0.06108522660504568 -8.995802709039293E-6 0.0937672391589617 0.08038920978849884 -7.000237656737777E-7 0.10073898055085954 0.11230134910713524 8.156505304737978E-6 0.10719464113118654 0.13485503548412922 1.8208555714131073E-5 0.08904452412674695 0.12382266745312048 -4.472346675749898E-6 0.06157748841060864 0.12362817158799351 1.0835317023711619E-6 0.1251044747589319 0.13725823842775026 -6.654684459940457E-6 0.11739466331878567 0.13166019459573347 -0.0019290914475824678 0.09847236604290469 0.1266956071820413 -8.792978780416716E-7 0.11348106118467638 0.05948374588461288 2.8891026877279475E-17 0.08289327380353774
 0.355000000 0.06109548853978268 -8.723784538244102E-6 0.09375181190666501 0.08039626282163458 -7.671486503721677E-7 0.10071556227981075 0.11230077207319543 8.134467581050661E-6 0.10718557660700985 0.13487139757937233 1.824629928930531E-5 0.08904675098590233 0.12383684861374081 -3.863373071499523E-6 0.061577423134383344 0.12363173324856004 1.0858597858245186E-6 0.12509964988631758 0.1372620773849045 -6.825919165355571E-6 0.11739333203022599 0.13165966530032144 -0.0019295552015851111 0.09847362216822063 0.126698408420774 -9.637587354062911E-7 0.11348342771006327 0.05949883412349981 2.135027659549927E-17 0.08286949610882102
 0.360000000 0.06110089905971902 -8.33634930070821E-6 0.09374047356108134 0.08040161654453958 -7.934395317304109E-7 0.10069648167699835 0.11229901234905477 8.139253620197883E-6 0.10717780258787268 0.13488453427614092 1.827737488812927E-5 0.08904936730571489 0.12385016101535028 -2.9823751261463688E-6 0.061578266878610434 0.12363457916690612 1.085787358868239E-6 0.1250960043948717 0.13726553232618155 -6.489814461606077E-6 0.11739310054014572 0.13165993795466832 -0.001929186583215253 0.09847497678969278 0.1267008263194793 -9.539982174568249E-7 0.11348604028649924 0.05951197255463622 2.5918541638092357E-17 0.08284880418399634
 0.365000000 0.06110688396170579 -2.570602995909831E-6 0.09372992747893885 0.08040604132051986 1.407071561738143E-6 0.10067966463272122 0.11229746241560423 6.991302498463018E-6 0.10717155937906425 0.13489545312151746 1.7816963679280865E-5 0.08905182739324767 0.12386266305240683 -1.8127314914029452E-6 0.06157980501016944 0.1236368744248021 1.102633888637775E-6 0.12509319244310302 0.13726824396943205 -6.391853579320894E-6 0.11739275572025498 0.13165968036758566 -0.0019288764758205027 0.09847611879042477 0.12670269896502728 -9.237661908056963E-7 0.1134885306212286 0.05952334704648996 3.403544582562094E-17 0.08283090011432787
 0.370000000 0.06111251160250744 -5.344963643824084E-6 0.0937205078329784 0.08040982920212025 -3.938522984067235E-7 0.10066518995901852 0.11229616435111109 7.232973542109363E-6 0.10716641381836392 0.13490446450079177 1.7683960626828114E-5 0.08905412495236098 0.12387450822745928 -3.694274595840687E-7 0.06158189606294738 0.12363870113343929 1.1167615271036581E-6 0.12509096426501862 0.13727073412863355 -6.631561593962674E-6 0.11739313416213955 0.13165960075215005 -0.0019293232402774383 0.09847729136299764 0.12670432767367462 -9.747161831911873E-7 0.1134909685645424 0.05953319977054519 1.7090584526002602E-17 0.08281539873233587
 0.375000000 0.061117500198845265 -1.3987273939207754E-6 0.09371227151310836 0.08041304934979118 1.0349307006395558E-6 0.10065277717402844 0.11229506540429227 6.247567255850351E-6 0.10716215492982274 0.13491196338193365 1.7218332723470862E-5 0.08905621353869324 0.12388583665148263 1.4084186766337946E-6 0.06158442015725188 0.12364017722765878 1.102771180037217E-6 0.12508911950193893 0.13727266090343007 -6.593630009897492E-6 0.11739317844876175 0.1316593620938837 -0.0019294933385728226 0.09847811549138896 0.12670559223156536 -1.0276813662089934E-6 0.1134931117257546 0.05954173562039331 2.5003235862797633E-17 0.08280197470583565
 0.380000000 0.061121876591645294 -4.957769232715811E-6 0.09370503432779428 0.080415768401211 -9.772053364568547E-7 0.10064204034622719 0.11229401309007009 6.5662202148560434E-6 0.10715856037236411 0.13491811489884373 1.71070238114963E-5 0.08905818798576313 0.12389681042131812 3.51504639702761E-6 0.061587286371511306 0.12364132471135562 1.0847458634901496E-6 0.12508757023320277 0.13727440670995858 -6.513778181831497E-6 0.11739383831091937 0.13165985967666263 -0.0019291785258060607 0.09847875328456474 0.1267066065766083 -1.055353271254819E-6 0.11349512032020037 0.05954921270289059 8.224602126125021E-17 0.08279021996079669
 0.385000000 0.06112569311187407 -1.3221170008515545E-6 0.0936986842771921 0.08041806229368721 4.1727721666395763E-7 0.10063275444804902 0.11229304802957997 5.6243217863952846E-6 0.10715554862738172 0.13492323429391415 1.6662416691323296E-5 0.08906000134440291 0.12390751490094412 6.00039080410976E-6 0.06159041040392604 0.12364225485719893 1.0728746208697971E-6 0.12508620155078512 0.13727578509358923 -6.5302352993492935E-6 0.11739405888364639 0.13165983612217205 -0.0019289712848224528 0.09847917578288161 0.12670747592304174 -1.08295953101875E-6 0.11349684044131028 0.05955575641950902 -3.332066234449635E-17 0.08277993577613371
 0.390000000 0.061129031192992046 -5.007534278895644E-6 0.09369311860231273 0.08042001023679349 -1.5166853721784414E-6 0.10062470589222257 0.11229217793809561 6.170918304238519E-6 0.10715302561732273 0.13492751729891436 1.6701861981301727E-5 0.08906164616975583 0.12391799776979853 8.853520702709794E-6 0.061593721044510844 0.12364298810993272 1.0673533752939025E-6 0.12508498396750506 0.13727719509068254 -6.7989970272543275E-6 0.11739485460755884 0.13165996025905466 -0.0019294734879881164 0.09847971158840245 0.12670833590682112 -1.163011101602975E-6 0.11349846312151919 0.059561474252935745 2.756148047415272E-17 0.08277095201317128
 0.395000000 0.061131942559603095 -1.4303056249524421E-6 0.09368824906043981 0.08042166722232824 -4.5126336885586424E-8 0.10061773819726766 0.1122913705394012 5.401378723770656E-6 0.10715089754568245 0.13493105842725872 1.6378932005843485E-5 0.0890631749624825 0.12392835869917347 1.2116851962705222E-5 0.06159721254048164 0.12364358162034163 1.0499492095306323E-6 0.12508388508986437 0.1372782238293871 -6.741229475492688E-6 0.11739524892232321 0.1316598960195498 -0.0019296427004744578 0.09848000783892513 0.1267089804768336 -1.2142793073789998E-6 0.11349983011450124 0.059566466784779906 -2.384772439541923E-17 0.08276310970209591
 0.400000000 0.06113448768128844 -5.109431520506398E-6 0.09368403440580395 0.08042314480872807 -1.8692270452573216E-6 0.10061191456217745 0.11229165897496456 6.03164673389299E-6 0.10714902870631644 0.13493500167426595 1.6499994284997E-5 0.08906140681535568 0.12382855932239037 1.0661187757035307E-5 0.06155003171743518 0.12364483176955335 1.042953657517197E-6 0.12508216474393974 0.13728320821645376 -6.7414565536177835E-6 0.11739560531644816 0.13165297120886005 -0.0019298226404524481 0.09848290900218466 0.12671476605705212 -1.2419073879728643E-6 0.11350157808239447 0.05957080228558536 -5.90966050152061E-17 0.08275630087480337
