0.0 5.0 1.0
Linear 11 explicit
 0.000000 0.0 0.0 0.0 0.0 0.0 0.0 0.0 0.0 0.0 0.0 0.0
 0.010000 0.002 0.0 0.002 0.0 0.0 0.0 0.0 0.0 0.0 0.0 0.0
 0.020000 0.004 0.0 0.004 0.0 0.0 0.0 0.0 0.0 0.0 0.0 0.0
 0.030000 0.006 0.0 0.006 0.0 0.0 0.0 0.0 0.0 0.0 0.0 0.0
 0.040000 0.008 0.0 0.008 0.0 0.0 0.0 0.0 0.0 0.0 0.0 0.0
 0.050000 0.010000000000000002 0.0 0.010000000000000002 0.0 0.0 0.0 0.0 0.0 0.0 0.0 0.0
 0.060000 0.012 0.0 0.012 0.0 0.0 0.0 0.0 0.0 0.0 0.0 0.0
 0.070000 0.014000000000000002 0.0 0.014000000000000002 0.0 0.0 0.0 0.0 0.0 0.0 0.0 0.0
 0.080000 0.016 0.0 0.016 0.0 0.0 0.0 0.0 0.0 0.0 0.0 0.0
 0.090000 0.018 0.0 0.018 0.0 0.0 0.0 0.0 0.0 0.0 0.0 0.0
 0.100000 0.020000000000000004 0.0 0.020000000000000004 0.0 0.0 0.0 0.0 0.0 0.0 0.0 0.0
 0.110000 0.022000000000000002 0.0 0.022000000000000002 0.0 0.0 0.0 0.0 0.0 0.0 0.0 0.0
 0.120000 0.024 0.0 0.024 0.0 0.0 0.0 0.0 0.0 0.0 0.0 0.0
 0.130000 0.026000000000000002 0.0 0.026000000000000002 0.0 0.0 0.0 0.0 0.0 0.0 0.0 0.0
 0.140000 0.028000000000000004 0.0 0.028000000000000004 0.0 0.0 0.0 0.0 0.0 0.0 0.0 0.0
 0.150000 0.03 0.0 0.03 0.0 0.0 0.0 0.0 0.0 0.0 0.0 0.0
 0.160000 0.032 0.0 0.032 0.0 0.0 0.0 0.0 0.0 0.0 0.0 0.0
 0.170000 0.034 0.0 0.034 0.0 0.0 0.0 0.0 0.0 0.0 0.0 0.0
 0.180000 0.036 0.0 0.036 0.0 0.0 0.0 0.0 0.0 0.0 0.0 0.0
 0.190000 0.038000000000000006 0.0 0.038000000000000006 0.0 0.0 0.0 0.0 0.0 0.0 0.0 0.0
 0.200000 0.04000000000000001 0.0 0.04000000000000001 0.0 0.0 0.0 0.0 0.0 0.0 0.0 0.0
 0.210000 0.042 0.0 0.042 0.0 0.0 0.0 0.0 0.0 0.0 0.0 0.0
 0.220000 0.044000000000000004 0.0 0.044000000000000004 0.0 0.0 0.0 0.0 0.0 0.0 0.0 0.0
 0.230000 0.046000000000000006 0.0 0.046000000000000006 0.0 0.0 0.0 0.0 0.0 0.0 0.0 0.0
 0.240000 0.048 0.0 0.048 0.0 0.0 0.0 0.0 0.0 0.0 0.0 0.0
 0.250000 0.05 0.0 0.05 0.0 0.0 0.0 0.0 0.0 0.0 0.0 0.0
 0.260000 0.052000000000000005 0.0 0.052000000000000005 0.0 0.0 0.0 0.0 0.0 0.0 0.0 0.0
 0.270000 0.054000000000000006 0.0 0.054000000000000006 0.0 0.0 0.0 0.0 0.0 0.0 0.0 0.0
 0.280000 0.05600000000000001 0.0 0.05600000000000001 0.0 0.0 0.0 0.0 0.0 0.0 0.0 0.0
 0.290000 0.057999999999999996 0.0 0.057999999999999996 0.0 0.0 0.0 0.0 0.0 0.0 0.0 0.0
 0.300000 0.06 0.0 0.06 0.0 0.0 0.0 0.0 0.0 0.0 0.0 0.0
 0.310000 0.062 0.0 0.062 0.0 0.0 0.0 0.0 0.0 0.0 0.0 0.0
 0.320000 0.064 0.0 0.064 0.0 0.0 0.0 0.0 0.0 0.0 0.0 0.0
 0.330000 0.066 0.0 0.066 0.0 0.0 0.0 0.0 0.0 0.0 0.0 0.0
 0.340000 0.068 0.0 0.068 0.0 0.0 0.0 0.0 0.0 0.0 0.0 0.0
 0.350000 0.06999999999999999 0.0 0.06999999999999999 0.0 0.0 0.0 0.0 0.0 0.0 0.0 0.0
 0.360000 0.072 0.0 0.072 0.0 0.0 0.0 0.0 0.0 0.0 0.0 0.0
 0.370000 0.074 0.0 0.074 0.0 0.0 0.0 0.0 0.0 0.0 0.0 0.0
 0.380000 0.07600000000000001 0.0 0.07600000000000001 0.0 0.0 0.0 0.0 0.0 0.0 0.0 0.0
 0.390000 0.07800000000000001 0.0 0.07800000000000001 0.0 0.0 0.0 0.0 0.0 0.0 0.0 0.0
 0.400000 0.08000000000000002 0.0 0.08000000000000002 0.0 0.0 0.0 0.0 0.0 0.0 0.0 0.0
 0.410000 0.082 0.0 0.082 0.0 0.0 0.0 0.0 0.0 0.0 0.0 0.0
 0.420000 0.084 0.0 0.084 0.0 0.0 0.0 0.0 0.0 0.0 0.0 0.0
 0.430000 0.08600000000000001 0.0 0.08600000000000001 0.0 0.0 0.0 0.0 0.0 0.0 0.0 0.0
 0.440000 0.08800000000000001 0.0 0.08800000000000001 0.0 0.0 0.0 0.0 0.0 0.0 0.0 0.0
 0.450000 0.09000000000000001 0.0 0.09000000000000001 0.0 0.0 0.0 0.0 0.0 0.0 0.0 0.0
 0.460000 0.09200000000000001 0.0 0.09200000000000001 0.0 0.0 0.0 0.0 0.0 0.0 0.0 0.0
 0.470000 0.094 0.0 0.094 0.0 0.0 0.0 0.0 0.0 0.0 0.0 0.0
 0.480000 0.096 0.0 0.096 0.0 0.0 0.0 0.0 0.0 0.0 0.0 0.0
 0.490000 0.098 0.0 0.098 0.0 0.0 0.0 0.0 0.0 0.0 0.0 0.0
 0.500000 0.1 0.0 0.1 0.0 0.0 0.0 0.0 0.0 0.0 0.0 0.0
 0.510000 0.101 0.0020000000000000018 0.10200000000000001 0.0 0.0 0.0 0.0 0.0 0.0 0.0 0.0
 0.520000 0.10200000000000001 0.0040000000000000036 0.10400000000000001 0.0 0.0 0.0 0.0 0.0 0.0 0.0 0.0
 0.530000 0.10300000000000001 0.006000000000000005 0.10600000000000001 0.0 0.0 0.0 0.0 0.0 0.0 0.0 0.0
 0.540000 0.10400000000000001 0.008000000000000007 0.10800000000000001 0.0 0.0 0.0 0.0 0.0 0.0 0.0 0.0
 0.550000 0.10500000000000001 0.010000000000000009 0.11000000000000001 0.0 0.0 0.0 0.0 0.0 0.0 0.0 0.0
 0.560000 0.10600000000000001 0.01200000000000001 0.11200000000000002 0.0 0.0 0.0 0.0 0.0 0.0 0.0 0.0
 0.570000 0.10700000000000001 0.013999999999999992 0.114 0.0 0.0 0.0 0.0 0.0 0.0 0.0 0.0
 0.580000 0.10800000000000001 0.015999999999999993 0.116 0.0 0.0 0.0 0.0 0.0 0.0 0.0 0.0
 0.590000 0.10900000000000001 0.017999999999999995 0.11800000000000001 0.0 0.0 0.0 0.0 0.0 0.0 0.0 0.0
 0.600000 0.11000000000000001 0.019999999999999997 0.12000000000000001 0.0 0.0 0.0 0.0 0.0 0.0 0.0 0.0
 0.610000 0.11100000000000002 0.022 0.12200000000000001 0.0 0.0 0.0 0.0 0.0 0.0 0.0 0.0
 0.620000 0.11200000000000002 0.024 0.12400000000000001 0.0 0.0 0.0 0.0 0.0 0.0 0.0 0.0
 0.630000 0.11299999999999999 0.026000000000000002 0.126 0.0 0.0 0.0 0.0 0.0 0.0 0.0 0.0
 0.640000 0.11399999999999999 0.028000000000000004 0.128 0.0 0.0 0.0 0.0 0.0 0.0 0.0 0.0
 0.650000 0.11499999999999999 0.030000000000000006 0.13 0.0 0.0 0.0 0.0 0.0 0.0 0.0 0.0
 0.660000 0.11599999999999999 0.03200000000000001 0.132 0.0 0.0 0.0 0.0 0.0 0.0 0.0 0.0
 0.670000 0.11699999999999999 0.03400000000000001 0.134 0.0 0.0 0.0 0.0 0.0 0.0 0.0 0.0
 0.680000 0.118 0.03600000000000001 0.136 0.0 0.0 0.0 0.0 0.0 0.0 0.0 0.0
 0.690000 0.119 0.03799999999999999 0.138 0.0 0.0 0.0 0.0 0.0 0.0 0.0 0.0
 0.700000 0.12 0.039999999999999994 0.14 0.0 0.0 0.0 0.0 0.0 0.0 0.0 0.0
 0.710000 0.121 0.041999999999999996 0.14200000000000002 0.0 0.0 0.0 0.0 0.0 0.0 0.0 0.0
 0.720000 0.122 0.044 0.14400000000000002 0.0 0.0 0.0 0.0 0.0 0.0 0.0 0.0
 0.730000 0.123 0.046 0.14600000000000002 0.0 0.0 0.0 0.0 0.0 0.0 0.0 0.0
 0.740000 0.124 0.048 0.14800000000000002 0.0 0.0 0.0 0.0 0.0 0.0 0.0 0.0
 0.750000 0.125 0.05 0.15000000000000002 0.0 0.0 0.0 0.0 0.0 0.0 0.0 0.0
 0.760000 0.126 0.052000000000000005 0.15200000000000002 0.0 0.0 0.0 0.0 0.0 0.0 0.0 0.0
 0.770000 0.127 0.054000000000000006 0.15400000000000003 0.0 0.0 0.0 0.0 0.0 0.0 0.0 0.0
 0.780000 0.128 0.05600000000000001 0.15600000000000003 0.0 0.0 0.0 0.0 0.0 0.0 0.0 0.0
 0.790000 0.129 0.05800000000000001 0.15800000000000003 0.0 0.0 0.0 0.0 0.0 0.0 0.0 0.0
 0.800000 0.13 0.06000000000000001 0.16000000000000003 0.0 0.0 0.0 0.0 0.0 0.0 0.0 0.0
 0.810000 0.131 0.06200000000000001 0.16200000000000003 0.0 0.0 0.0 0.0 0.0 0.0 0.0 0.0
 0.820000 0.132 0.06399999999999999 0.16399999999999998 0.0 0.0 0.0 0.0 0.0 0.0 0.0 0.0
 0.830000 0.133 0.06599999999999999 0.16599999999999998 0.0 0.0 0.0 0.0 0.0 0.0 0.0 0.0
 0.840000 0.134 0.06799999999999999 0.16799999999999998 0.0 0.0 0.0 0.0 0.0 0.0 0.0 0.0
 0.850000 0.135 0.06999999999999999 0.16999999999999998 0.0 0.0 0.0 0.0 0.0 0.0 0.0 0.0
 0.860000 0.136 0.072 0.172 0.0 0.0 0.0 0.0 0.0 0.0 0.0 0.0
 0.870000 0.137 0.074 0.174 0.0 0.0 0.0 0.0 0.0 0.0 0.0 0.0
 0.880000 0.13799999999999998 0.07600000000000001 0.17600000000000002 0.0 0.0 0.0 0.0 0.0 0.0 0.0 0.0
 0.890000 0.13899999999999998 0.07800000000000001 0.17800000000000002 0.0 0.0 0.0 0.0 0.0 0.0 0.0 0.0
 0.900000 0.13999999999999999 0.08000000000000002 0.18000000000000002 0.0 0.0 0.0 0.0 0.0 0.0 0.0 0.0
 0.910000 0.141 0.08200000000000002 0.18200000000000002 0.0 0.0 0.0 0.0 0.0 0.0 0.0 0.0
 0.920000 0.142 0.08400000000000002 0.18400000000000002 0.0 0.0 0.0 0.0 0.0 0.0 0.0 0.0
 0.930000 0.143 0.08600000000000002 0.18600000000000003 0.0 0.0 0.0 0.0 0.0 0.0 0.0 0.0
 0.940000 0.144 0.088 0.188 0.0 0.0 0.0 0.0 0.0 0.0 0.0 0.0
 0.950000 0.145 0.09 0.19 0.0 0.0 0.0 0.0 0.0 0.0 0.0 0.0
 0.960000 0.146 0.092 0.192 0.0 0.0 0.0 0.0 0.0 0.0 0.0 0.0
 0.970000 0.147 0.094 0.194 0.0 0.0 0.0 0.0 0.0 0.0 0.0 0.0
 0.980000 0.148 0.096 0.196 0.0 0.0 0.0 0.0 0.0 0.0 0.0 0.0
 0.990000 0.149 0.098 0.198 0.0 0.0 0.0 0.0 0.0 0.0 0.0 0.0
 1.000000 0.15 0.1 0.2 0.0 0.0 0.0 0.0 0.0 0.0 0.0 0.0
 1.010000 0.149 0.10200000000000001 0.202 0.0 0.0 0.0 0.0 0.0 0.0 0.0 0.0
 1.020000 0.148 0.10400000000000001 0.20400000000000001 0.0 0.0 0.0 0.0 0.0 0.0 0.0 0.0
 1.030000 0.147 0.10600000000000001 0.20600000000000002 0.0 0.0 0.0 0.0 0.0 0.0 0.0 0.0
 1.040000 0.146 0.10800000000000001 0.20800000000000002 0.0 0.0 0.0 0.0 0.0 0.0 0.0 0.0
 1.050000 0.145 0.11000000000000001 0.21000000000000002 0.0 0.0 0.0 0.0 0.0 0.0 0.0 0.0
 1.060000 0.144 0.11200000000000002 0.21200000000000002 0.0 0.0 0.0 0.0 0.0 0.0 0.0 0.0
 1.070000 0.143 0.11400000000000002 0.21400000000000002 0.0 0.0 0.0 0.0 0.0 0.0 0.0 0.0
 1.080000 0.142 0.11600000000000002 0.21600000000000003 0.0 0.0 0.0 0.0 0.0 0.0 0.0 0.0
 1.090000 0.141 0.11800000000000002 0.21800000000000003 0.0 0.0 0.0 0.0 0.0 0.0 0.0 0.0
 1.100000 0.13999999999999999 0.12000000000000002 0.22000000000000003 0.0 0.0 0.0 0.0 0.0 0.0 0.0 0.0
 1.110000 0.13899999999999998 0.12200000000000003 0.22200000000000003 0.0 0.0 0.0 0.0 0.0 0.0 0.0 0.0
 1.120000 0.13799999999999998 0.12400000000000003 0.22400000000000003 0.0 0.0 0.0 0.0 0.0 0.0 0.0 0.0
 1.130000 0.137 0.126 0.22599999999999998 0.0 0.0 0.0 0.0 0.0 0.0 0.0 0.0
 1.140000 0.136 0.128 0.22799999999999998 0.0 0.0 0.0 0.0 0.0 0.0 0.0 0.0
 1.150000 0.135 0.13 0.22999999999999998 0.0 0.0 0.0 0.0 0.0 0.0 0.0 0.0
 1.160000 0.134 0.132 0.23199999999999998 0.0 0.0 0.0 0.0 0.0 0.0 0.0 0.0
 1.170000 0.133 0.134 0.23399999999999999 0.0 0.0 0.0 0.0 0.0 0.0 0.0 0.0
 1.180000 0.132 0.136 0.236 0.0 0.0 0.0 0.0 0.0 0.0 0.0 0.0
 1.190000 0.131 0.138 0.238 0.0 0.0 0.0 0.0 0.0 0.0 0.0 0.0
 1.200000 0.13 0.14 0.24 0.0 0.0 0.0 0.0 0.0 0.0 0.0 0.0
 1.210000 0.129 0.14200000000000002 0.242 0.0 0.0 0.0 0.0 0.0 0.0 0.0 0.0
 1.220000 0.128 0.14400000000000002 0.244 0.0 0.0 0.0 0.0 0.0 0.0 0.0 0.0
 1.230000 0.127 0.14600000000000002 0.246 0.0 0.0 0.0 0.0 0.0 0.0 0.0 0.0
 1.240000 0.126 0.14800000000000002 0.248 0.0 0.0 0.0 0.0 0.0 0.0 0.0 0.0
 1.250000 0.125 0.15000000000000002 0.25 0.0 0.0 0.0 0.0 0.0 0.0 0.0 0.0
 1.260000 0.124 0.15200000000000002 0.252 0.0 0.0 0.0 0.0 0.0 0.0 0.0 0.0
 1.270000 0.123 0.15400000000000003 0.254 0.0 0.0 0.0 0.0 0.0 0.0 0.0 0.0
 1.280000 0.122 0.15600000000000003 0.256 0.0 0.0 0.0 0.0 0.0 0.0 0.0 0.0
 1.290000 0.121 0.15800000000000003 0.258 0.0 0.0 0.0 0.0 0.0 0.0 0.0 0.0
 1.300000 0.12 0.16000000000000003 0.26 0.0 0.0 0.0 0.0 0.0 0.0 0.0 0.0
 1.310000 0.119 0.16200000000000003 0.262 0.0 0.0 0.0 0.0 0.0 0.0 0.0 0.0
 1.320000 0.118 0.16400000000000003 0.264 0.0 0.0 0.0 0.0 0.0 0.0 0.0 0.0
 1.330000 0.11699999999999999 0.16600000000000004 0.266 0.0 0.0 0.0 0.0 0.0 0.0 0.0 0.0
 1.340000 0.11599999999999999 0.16800000000000004 0.268 0.0 0.0 0.0 0.0 0.0 0.0 0.0 0.0
 1.350000 0.11499999999999999 0.17000000000000004 0.27 0.0 0.0 0.0 0.0 0.0 0.0 0.0 0.0
 1.360000 0.11399999999999999 0.17200000000000004 0.272 0.0 0.0 0.0 0.0 0.0 0.0 0.0 0.0
 1.370000 0.11299999999999999 0.17400000000000004 0.274 0.0 0.0 0.0 0.0 0.0 0.0 0.0 0.0
 1.380000 0.11200000000000002 0.176 0.27599999999999997 0.0 0.0 0.0 0.0 0.0 0.0 0.0 0.0
 1.390000 0.11100000000000002 0.178 0.27799999999999997 0.0 0.0 0.0 0.0 0.0 0.0 0.0 0.0
 1.400000 0.11000000000000001 0.18 0.27999999999999997 0.0 0.0 0.0 0.0 0.0 0.0 0.0 0.0
 1.410000 0.10900000000000001 0.182 0.282 0.0 0.0 0.0 0.0 0.0 0.0 0.0 0.0
 1.420000 0.10800000000000001 0.184 0.284 0.0 0.0 0.0 0.0 0.0 0.0 0.0 0.0
 1.430000 0.10700000000000001 0.186 0.286 0.0 0.0 0.0 0.0 0.0 0.0 0.0 0.0
 1.440000 0.10600000000000001 0.188 0.288 0.0 0.0 0.0 0.0 0.0 0.0 0.0 0.0
 1.450000 0.10500000000000001 0.19 0.29 0.0 0.0 0.0 0.0 0.0 0.0 0.0 0.0
 1.460000 0.10400000000000001 0.192 0.292 0.0 0.0 0.0 0.0 0.0 0.0 0.0 0.0
 1.470000 0.10300000000000001 0.194 0.294 0.0 0.0 0.0 0.0 0.0 0.0 0.0 0.0
 1.480000 0.10200000000000001 0.196 0.296 0.0 0.0 0.0 0.0 0.0 0.0 0.0 0.0
 1.490000 0.101 0.198 0.298 0.0 0.0 0.0 0.0 0.0 0.0 0.0 0.0
 1.500000 0.1 0.2 0.3 0.0 0.0 0.0 0.0 0.0 0.0 0.0 0.0
 1.510000 0.098 0.198 0.298 0.0020000000000000018 0.0 0.0 0.0 0.0 0.0 0.0 0.0
 1.520000 0.096 0.196 0.296 0.0040000000000000036 0.0 0.0 0.0 0.0 0.0 0.0 0.0
 1.530000 0.094 0.194 0.294 0.006000000000000005 0.0 0.0 0.0 0.0 0.0 0.0 0.0
 1.540000 0.092 0.192 0.292 0.008000000000000007 0.0 0.0 0.0 0.0 0.0 0.0 0.0
 1.550000 0.09 0.19 0.29 0.010000000000000009 0.0 0.0 0.0 0.0 0.0 0.0 0.0
 1.560000 0.088 0.188 0.288 0.01200000000000001 0.0 0.0 0.0 0.0 0.0 0.0 0.0
 1.570000 0.086 0.186 0.286 0.014000000000000012 0.0 0.0 0.0 0.0 0.0 0.0 0.0
 1.580000 0.08399999999999999 0.184 0.284 0.016000000000000014 0.0 0.0 0.0 0.0 0.0 0.0 0.0
 1.590000 0.08199999999999999 0.182 0.282 0.018000000000000016 0.0 0.0 0.0 0.0 0.0 0.0 0.0
 1.600000 0.07999999999999999 0.18 0.27999999999999997 0.020000000000000018 0.0 0.0 0.0 0.0 0.0 0.0 0.0
 1.610000 0.07799999999999999 0.178 0.27799999999999997 0.02200000000000002 0.0 0.0 0.0 0.0 0.0 0.0 0.0
 1.620000 0.07599999999999998 0.176 0.27599999999999997 0.02400000000000002 0.0 0.0 0.0 0.0 0.0 0.0 0.0
 1.630000 0.07400000000000002 0.17400000000000004 0.274 0.02599999999999998 0.0 0.0 0.0 0.0 0.0 0.0 0.0
 1.640000 0.07200000000000002 0.17200000000000004 0.272 0.027999999999999983 0.0 0.0 0.0 0.0 0.0 0.0 0.0
 1.650000 0.07000000000000002 0.17000000000000004 0.27 0.029999999999999985 0.0 0.0 0.0 0.0 0.0 0.0 0.0
 1.660000 0.06800000000000002 0.16800000000000004 0.268 0.03199999999999999 0.0 0.0 0.0 0.0 0.0 0.0 0.0
 1.670000 0.06600000000000002 0.16600000000000004 0.266 0.03399999999999999 0.0 0.0 0.0 0.0 0.0 0.0 0.0
 1.680000 0.06400000000000002 0.16400000000000003 0.264 0.03599999999999999 0.0 0.0 0.0 0.0 0.0 0.0 0.0
 1.690000 0.06200000000000001 0.16200000000000003 0.262 0.03799999999999999 0.0 0.0 0.0 0.0 0.0 0.0 0.0
 1.700000 0.06000000000000001 0.16000000000000003 0.26 0.039999999999999994 0.0 0.0 0.0 0.0 0.0 0.0 0.0
 1.710000 0.05800000000000001 0.15800000000000003 0.258 0.041999999999999996 0.0 0.0 0.0 0.0 0.0 0.0 0.0
 1.720000 0.05600000000000001 0.15600000000000003 0.256 0.044 0.0 0.0 0.0 0.0 0.0 0.0 0.0
 1.730000 0.054000000000000006 0.15400000000000003 0.254 0.046 0.0 0.0 0.0 0.0 0.0 0.0 0.0
 1.740000 0.052000000000000005 0.15200000000000002 0.252 0.048 0.0 0.0 0.0 0.0 0.0 0.0 0.0
 1.750000 0.05 0.15000000000000002 0.25 0.05 0.0 0.0 0.0 0.0 0.0 0.0 0.0
 1.760000 0.048 0.14800000000000002 0.248 0.052000000000000005 0.0 0.0 0.0 0.0 0.0 0.0 0.0
 1.770000 0.046 0.14600000000000002 0.246 0.054000000000000006 0.0 0.0 0.0 0.0 0.0 0.0 0.0
 1.780000 0.044 0.14400000000000002 0.244 0.05600000000000001 0.0 0.0 0.0 0.0 0.0 0.0 0.0
 1.790000 0.041999999999999996 0.14200000000000002 0.242 0.05800000000000001 0.0 0.0 0.0 0.0 0.0 0.0 0.0
 1.800000 0.039999999999999994 0.14 0.24 0.06000000000000001 0.0 0.0 0.0 0.0 0.0 0.0 0.0
 1.810000 0.03799999999999999 0.138 0.238 0.06200000000000001 0.0 0.0 0.0 0.0 0.0 0.0 0.0
 1.820000 0.03599999999999999 0.136 0.236 0.06400000000000002 0.0 0.0 0.0 0.0 0.0 0.0 0.0
 1.830000 0.03399999999999999 0.134 0.23399999999999999 0.06600000000000002 0.0 0.0 0.0 0.0 0.0 0.0 0.0
 1.840000 0.03199999999999999 0.132 0.23199999999999998 0.06800000000000002 0.0 0.0 0.0 0.0 0.0 0.0 0.0
 1.850000 0.029999999999999985 0.13 0.22999999999999998 0.07000000000000002 0.0 0.0 0.0 0.0 0.0 0.0 0.0
 1.860000 0.027999999999999983 0.128 0.22799999999999998 0.07200000000000002 0.0 0.0 0.0 0.0 0.0 0.0 0.0
 1.870000 0.02599999999999998 0.126 0.22599999999999998 0.07400000000000002 0.0 0.0 0.0 0.0 0.0 0.0 0.0
 1.880000 0.02400000000000002 0.12400000000000003 0.22400000000000003 0.07599999999999998 0.0 0.0 0.0 0.0 0.0 0.0 0.0
 1.890000 0.02200000000000002 0.12200000000000003 0.22200000000000003 0.07799999999999999 0.0 0.0 0.0 0.0 0.0 0.0 0.0
 1.900000 0.020000000000000018 0.12000000000000002 0.22000000000000003 0.07999999999999999 0.0 0.0 0.0 0.0 0.0 0.0 0.0
 1.910000 0.018000000000000016 0.11800000000000002 0.21800000000000003 0.08199999999999999 0.0 0.0 0.0 0.0 0.0 0.0 0.0
 1.920000 0.016000000000000014 0.11600000000000002 0.21600000000000003 0.08399999999999999 0.0 0.0 0.0 0.0 0.0 0.0 0.0
 1.930000 0.014000000000000012 0.11400000000000002 0.21400000000000002 0.086 0.0 0.0 0.0 0.0 0.0 0.0 0.0
 1.940000 0.01200000000000001 0.11200000000000002 0.21200000000000002 0.088 0.0 0.0 0.0 0.0 0.0 0.0 0.0
 1.950000 0.010000000000000009 0.11000000000000001 0.21000000000000002 0.09 0.0 0.0 0.0 0.0 0.0 0.0 0.0
 1.960000 0.008000000000000007 0.10800000000000001 0.20800000000000002 0.092 0.0 0.0 0.0 0.0 0.0 0.0 0.0
 1.970000 0.006000000000000005 0.10600000000000001 0.20600000000000002 0.094 0.0 0.0 0.0 0.0 0.0 0.0 0.0
 1.980000 0.0040000000000000036 0.10400000000000001 0.20400000000000001 0.096 0.0 0.0 0.0 0.0 0.0 0.0 0.0
 1.990000 0.0020000000000000018 0.10200000000000001 0.202 0.098 0.0 0.0 0.0 0.0 0.0 0.0 0.0
 2.000000 0.0 0.1 0.2 0.1 0.0 0.0 0.0 0.0 0.0 0.0 0.0
 2.010000 0.0 0.09800000000000005 0.19800000000000004 0.1006 0.0 0.0 0.0 0.0 0.0 0.0 0.0
 2.020000 0.0 0.096 0.196 0.10120000000000001 0.0 0.0 0.0 0.0 0.0 0.0 0.0
 2.030000 0.0 0.09400000000000004 0.19400000000000003 0.10179999999999999 0.0 0.0 0.0 0.0 0.0 0.0 0.0
 2.040000 0.0 0.092 0.192 0.1024 0.0 0.0 0.0 0.0 0.0 0.0 0.0
 2.050000 0.0 0.09000000000000004 0.19000000000000003 0.103 0.0 0.0 0.0 0.0 0.0 0.0 0.0
 2.060000 0.0 0.088 0.188 0.10360000000000001 0.0 0.0 0.0 0.0 0.0 0.0 0.0
 2.070000 0.0 0.08600000000000003 0.18600000000000003 0.10419999999999999 0.0 0.0 0.0 0.0 0.0 0.0 0.0
 2.080000 0.0 0.08399999999999999 0.184 0.1048 0.0 0.0 0.0 0.0 0.0 0.0 0.0
 2.090000 0.0 0.08200000000000003 0.18200000000000002 0.1054 0.0 0.0 0.0 0.0 0.0 0.0 0.0
 2.100000 0.0 0.07999999999999999 0.18 0.10600000000000001 0.0 0.0 0.0 0.0 0.0 0.0 0.0
 2.110000 0.0 0.07800000000000003 0.17800000000000005 0.1066 0.0 0.0 0.0 0.0 0.0 0.0 0.0
 2.120000 0.0 0.07599999999999998 0.176 0.10720000000000002 0.0 0.0 0.0 0.0 0.0 0.0 0.0
 2.130000 0.0 0.07400000000000002 0.17400000000000004 0.1078 0.0 0.0 0.0 0.0 0.0 0.0 0.0
 2.140000 0.0 0.07199999999999998 0.172 0.10840000000000002 0.0 0.0 0.0 0.0 0.0 0.0 0.0
 2.150000 0.0 0.07000000000000002 0.17000000000000004 0.109 0.0 0.0 0.0 0.0 0.0 0.0 0.0
 2.160000 0.0 0.06799999999999998 0.16799999999999998 0.10960000000000002 0.0 0.0 0.0 0.0 0.0 0.0 0.0
 2.170000 0.0 0.06600000000000002 0.16600000000000004 0.11019999999999999 0.0 0.0 0.0 0.0 0.0 0.0 0.0
 2.180000 0.0 0.06399999999999997 0.16399999999999998 0.11080000000000001 0.0 0.0 0.0 0.0 0.0 0.0 0.0
 2.190000 0.0 0.06200000000000001 0.16200000000000003 0.1114 0.0 0.0 0.0 0.0 0.0 0.0 0.0
 2.200000 0.0 0.05999999999999997 0.15999999999999998 0.11200000000000002 0.0 0.0 0.0 0.0 0.0 0.0 0.0
 2.210000 0.0 0.05800000000000001 0.15800000000000003 0.1126 0.0 0.0 0.0 0.0 0.0 0.0 0.0
 2.220000 0.0 0.055999999999999966 0.15599999999999997 0.11320000000000002 0.0 0.0 0.0 0.0 0.0 0.0 0.0
 2.230000 0.0 0.054000000000000006 0.15400000000000003 0.11380000000000001 0.0 0.0 0.0 0.0 0.0 0.0 0.0
 2.240000 0.0 0.05199999999999996 0.15199999999999997 0.11440000000000003 0.0 0.0 0.0 0.0 0.0 0.0 0.0
 2.250000 0.0 0.05 0.15000000000000002 0.115 0.0 0.0 0.0 0.0 0.0 0.0 0.0
 2.260000 0.0 0.04800000000000004 0.14800000000000005 0.1156 0.0 0.0 0.0 0.0 0.0 0.0 0.0
 2.270000 0.0 0.046 0.14600000000000002 0.11620000000000001 0.0 0.0 0.0 0.0 0.0 0.0 0.0
 2.280000 0.0 0.04400000000000004 0.14400000000000004 0.11679999999999999 0.0 0.0 0.0 0.0 0.0 0.0 0.0
 2.290000 0.0 0.041999999999999996 0.14200000000000002 0.1174 0.0 0.0 0.0 0.0 0.0 0.0 0.0
 2.300000 0.0 0.040000000000000036 0.14000000000000004 0.118 0.0 0.0 0.0 0.0 0.0 0.0 0.0
 2.310000 0.0 0.03799999999999999 0.138 0.11860000000000001 0.0 0.0 0.0 0.0 0.0 0.0 0.0
 2.320000 0.0 0.03600000000000003 0.13600000000000004 0.11919999999999999 0.0 0.0 0.0 0.0 0.0 0.0 0.0
 2.330000 0.0 0.03399999999999999 0.134 0.1198 0.0 0.0 0.0 0.0 0.0 0.0 0.0
 2.340000 0.0 0.03200000000000003 0.13200000000000003 0.1204 0.0 0.0 0.0 0.0 0.0 0.0 0.0
 2.350000 0.0 0.029999999999999985 0.13 0.12100000000000001 0.0 0.0 0.0 0.0 0.0 0.0 0.0
 2.360000 0.0 0.028000000000000025 0.12800000000000003 0.1216 0.0 0.0 0.0 0.0 0.0 0.0 0.0
 2.370000 0.0 0.02599999999999998 0.126 0.12220000000000002 0.0 0.0 0.0 0.0 0.0 0.0 0.0
 2.380000 0.0 0.02400000000000002 0.12400000000000003 0.12279999999999999 0.0 0.0 0.0 0.0 0.0 0.0 0.0
 2.390000 0.0 0.021999999999999978 0.12199999999999998 0.12340000000000001 0.0 0.0 0.0 0.0 0.0 0.0 0.0
 2.400000 0.0 0.020000000000000018 0.12000000000000002 0.124 0.0 0.0 0.0 0.0 0.0 0.0 0.0
 2.410000 0.0 0.01799999999999997 0.11799999999999997 0.12460000000000002 0.0 0.0 0.0 0.0 0.0 0.0 0.0
 2.420000 0.0 0.016000000000000014 0.11600000000000002 0.1252 0.0 0.0 0.0 0.0 0.0 0.0 0.0
 2.430000 0.0 0.013999999999999969 0.11399999999999998 0.12580000000000002 0.0 0.0 0.0 0.0 0.0 0.0 0.0
 2.440000 0.0 0.01200000000000001 0.11200000000000002 0.1264 0.0 0.0 0.0 0.0 0.0 0.0 0.0
 2.450000 0.0 0.009999999999999966 0.10999999999999997 0.127 0.0 0.0 0.0 0.0 0.0 0.0 0.0
 2.460000 0.0 0.008000000000000007 0.10800000000000001 0.1276 0.0 0.0 0.0 0.0 0.0 0.0 0.0
 2.470000 0.0 0.005999999999999961 0.10599999999999997 0.1282 0.0 0.0 0.0 0.0 0.0 0.0 0.0
 2.480000 0.0 0.0040000000000000036 0.10400000000000001 0.1288 0.0 0.0 0.0 0.0 0.0 0.0 0.0
 2.490000 0.0 0.0019999999999999575 0.10199999999999997 0.12940000000000002 0.0 0.0 0.0 0.0 0.0 0.0 0.0
 2.500000 0.0 0.0 0.1 0.13 0.0 0.0 0.0 0.0 0.0 0.0 0.0
 2.510000 0.0 0.0 0.09800000000000005 0.13040000000000002 0.0 0.0 0.0 0.0 0.0 0.0 0.0
 2.520000 0.0 0.0 0.096 0.1308 0.0 0.0 0.0 0.0 0.0 0.0 0.0
 2.530000 0.0 0.0 0.09400000000000004 0.1312 0.0 0.0 0.0 0.0 0.0 0.0 0.0
 2.540000 0.0 0.0 0.092 0.1316 0.0 0.0 0.0 0.0 0.0 0.0 0.0
 2.550000 0.0 0.0 0.09000000000000004 0.132 0.0 0.0 0.0 0.0 0.0 0.0 0.0
 2.560000 0.0 0.0 0.088 0.13240000000000002 0.0 0.0 0.0 0.0 0.0 0.0 0.0
 2.570000 0.0 0.0 0.08600000000000003 0.1328 0.0 0.0 0.0 0.0 0.0 0.0 0.0
 2.580000 0.0 0.0 0.08399999999999999 0.1332 0.0 0.0 0.0 0.0 0.0 0.0 0.0
 2.590000 0.0 0.0 0.08200000000000003 0.1336 0.0 0.0 0.0 0.0 0.0 0.0 0.0
 2.600000 0.0 0.0 0.07999999999999999 0.134 0.0 0.0 0.0 0.0 0.0 0.0 0.0
 2.610000 0.0 0.0 0.07800000000000003 0.1344 0.0 0.0 0.0 0.0 0.0 0.0 0.0
 2.620000 0.0 0.0 0.07599999999999998 0.1348 0.0 0.0 0.0 0.0 0.0 0.0 0.0
 2.630000 0.0 0.0 0.07400000000000002 0.1352 0.0 0.0 0.0 0.0 0.0 0.0 0.0
 2.640000 0.0 0.0 0.07199999999999998 0.1356 0.0 0.0 0.0 0.0 0.0 0.0 0.0
 2.650000 0.0 0.0 0.07000000000000002 0.136 0.0 0.0 0.0 0.0 0.0 0.0 0.0
 2.660000 0.0 0.0 0.06799999999999998 0.13640000000000002 0.0 0.0 0.0 0.0 0.0 0.0 0.0
 2.670000 0.0 0.0 0.06600000000000002 0.13679999999999998 0.0 0.0 0.0 0.0 0.0 0.0 0.0
 2.680000 0.0 0.0 0.06399999999999997 0.1372 0.0 0.0 0.0 0.0 0.0 0.0 0.0
 2.690000 0.0 0.0 0.06200000000000001 0.1376 0.0 0.0 0.0 0.0 0.0 0.0 0.0
 2.700000 0.0 0.0 0.05999999999999997 0.138 0.0 0.0 0.0 0.0 0.0 0.0 0.0
 2.710000 0.0 0.0 0.05800000000000001 0.1384 0.0 0.0 0.0 0.0 0.0 0.0 0.0
 2.720000 0.0 0.0 0.055999999999999966 0.1388 0.0 0.0 0.0 0.0 0.0 0.0 0.0
 2.730000 0.0 0.0 0.054000000000000006 0.1392 0.0 0.0 0.0 0.0 0.0 0.0 0.0
 2.740000 0.0 0.0 0.05199999999999996 0.1396 0.0 0.0 0.0 0.0 0.0 0.0 0.0
 2.750000 0.0 0.0 0.05 0.14 0.0 0.0 0.0 0.0 0.0 0.0 0.0
 2.760000 0.0 0.0 0.04800000000000004 0.1404 0.0 0.0 0.0 0.0 0.0 0.0 0.0
 2.770000 0.0 0.0 0.046 0.1408 0.0 0.0 0.0 0.0 0.0 0.0 0.0
 2.780000 0.0 0.0 0.04400000000000004 0.1412 0.0 0.0 0.0 0.0 0.0 0.0 0.0
 2.790000 0.0 0.0 0.041999999999999996 0.1416 0.0 0.0 0.0 0.0 0.0 0.0 0.0
 2.800000 0.0 0.0 0.040000000000000036 0.142 0.0 0.0 0.0 0.0 0.0 0.0 0.0
 2.810000 0.0 0.0 0.03799999999999999 0.1424 0.0 0.0 0.0 0.0 0.0 0.0 0.0
 2.820000 0.0 0.0 0.03600000000000003 0.14279999999999998 0.0 0.0 0.0 0.0 0.0 0.0 0.0
 2.830000 0.0 0.0 0.03399999999999999 0.1432 0.0 0.0 0.0 0.0 0.0 0.0 0.0
 2.840000 0.0 0.0 0.03200000000000003 0.1436 0.0 0.0 0.0 0.0 0.0 0.0 0.0
 2.850000 0.0 0.0 0.029999999999999985 0.14400000000000002 0.0 0.0 0.0 0.0 0.0 0.0 0.0
 2.860000 0.0 0.0 0.028000000000000025 0.1444 0.0 0.0 0.0 0.0 0.0 0.0 0.0
 2.870000 0.0 0.0 0.02599999999999998 0.1448 0.0 0.0 0.0 0.0 0.0 0.0 0.0
 2.880000 0.0 0.0 0.02400000000000002 0.1452 0.0 0.0 0.0 0.0 0.0 0.0 0.0
 2.890000 0.0 0.0 0.021999999999999978 0.1456 0.0 0.0 0.0 0.0 0.0 0.0 0.0
 2.900000 0.0 0.0 0.020000000000000018 0.146 0.0 0.0 0.0 0.0 0.0 0.0 0.0
 2.910000 0.0 0.0 0.01799999999999997 0.1464 0.0 0.0 0.0 0.0 0.0 0.0 0.0
 2.920000 0.0 0.0 0.016000000000000014 0.14679999999999999 0.0 0.0 0.0 0.0 0.0 0.0 0.0
 2.930000 0.0 0.0 0.013999999999999969 0.1472 0.0 0.0 0.0 0.0 0.0 0.0 0.0
 2.940000 0.0 0.0 0.01200000000000001 0.14759999999999998 0.0 0.0 0.0 0.0 0.0 0.0 0.0
 2.950000 0.0 0.0 0.009999999999999966 0.148 0.0 0.0 0.0 0.0 0.0 0.0 0.0
 2.960000 0.0 0.0 0.008000000000000007 0.1484 0.0 0.0 0.0 0.0 0.0 0.0 0.0
 2.970000 0.0 0.0 0.005999999999999961 0.1488 0.0 0.0 0.0 0.0 0.0 0.0 0.0
 2.980000 0.0 0.0 0.0040000000000000036 0.1492 0.0 0.0 0.0 0.0 0.0 0.0 0.0
 2.990000 0.0 0.0 0.0019999999999999575 0.14959999999999998 0.0 0.0 0.0 0.0 0.0 0.0 0.0
 3.000000 0.0 0.0 0.0 0.15 0.0 0.0 0.0 0.0 0.0 0.0 0.0
 3.010000 0.0 0.0 0.0 0.14959999999999998 0.0 0.0 0.0 0.0 0.0 0.0 0.0
 3.020000 0.0 0.0 0.0 0.1492 0.0 0.0 0.0 0.0 0.0 0.0 0.0
 3.030000 0.0 0.0 0.0 0.1488 0.0 0.0 0.0 0.0 0.0 0.0 0.0
 3.040000 0.0 0.0 0.0 0.1484 0.0 0.0 0.0 0.0 0.0 0.0 0.0
 3.050000 0.0 0.0 0.0 0.148 0.0 0.0 0.0 0.0 0.0 0.0 0.0
 3.060000 0.0 0.0 0.0 0.14759999999999998 0.0 0.0 0.0 0.0 0.0 0.0 0.0
 3.070000 0.0 0.0 0.0 0.1472 0.0 0.0 0.0 0.0 0.0 0.0 0.0
 3.080000 0.0 0.0 0.0 0.14679999999999999 0.0 0.0 0.0 0.0 0.0 0.0 0.0
 3.090000 0.0 0.0 0.0 0.1464 0.0 0.0 0.0 0.0 0.0 0.0 0.0
 3.100000 0.0 0.0 0.0 0.146 0.0 0.0 0.0 0.0 0.0 0.0 0.0
 3.110000 0.0 0.0 0.0 0.1456 0.0 0.0 0.0 0.0 0.0 0.0 0.0
 3.120000 0.0 0.0 0.0 0.1452 0.0 0.0 0.0 0.0 0.0 0.0 0.0
 3.130000 0.0 0.0 0.0 0.1448 0.0 0.0 0.0 0.0 0.0 0.0 0.0
 3.140000 0.0 0.0 0.0 0.1444 0.0 0.0 0.0 0.0 0.0 0.0 0.0
 3.150000 0.0 0.0 0.0 0.14400000000000002 0.0 0.0 0.0 0.0 0.0 0.0 0.0
 3.160000 0.0 0.0 0.0 0.1436 0.0 0.0 0.0 0.0 0.0 0.0 0.0
 3.170000 0.0 0.0 0.0 0.1432 0.0 0.0 0.0 0.0 0.0 0.0 0.0
 3.180000 0.0 0.0 0.0 0.14279999999999998 0.0 0.0 0.0 0.0 0.0 0.0 0.0
 3.190000 0.0 0.0 0.0 0.1424 0.0 0.0 0.0 0.0 0.0 0.0 0.0
 3.200000 0.0 0.0 0.0 0.142 0.0 0.0 0.0 0.0 0.0 0.0 0.0
 3.210000 0.0 0.0 0.0 0.1416 0.0 0.0 0.0 0.0 0.0 0.0 0.0
 3.220000 0.0 0.0 0.0 0.1412 0.0 0.0 0.0 0.0 0.0 0.0 0.0
 3.230000 0.0 0.0 0.0 0.1408 0.0 0.0 0.0 0.0 0.0 0.0 0.0
 3.240000 0.0 0.0 0.0 0.1404 0.0 0.0 0.0 0.0 0.0 0.0 0.0
 3.250000 0.0 0.0 0.0 0.14 0.0 0.0 0.0 0.0 0.0 0.0 0.0
 3.260000 0.0 0.0 0.0 0.1396 0.0 0.0 0.0 0.0 0.0 0.0 0.0
 3.270000 0.0 0.0 0.0 0.1392 0.0 0.0 0.0 0.0 0.0 0.0 0.0
 3.280000 0.0 0.0 0.0 0.1388 0.0 0.0 0.0 0.0 0.0 0.0 0.0
 3.290000 0.0 0.0 0.0 0.1384 0.0 0.0 0.0 0.0 0.0 0.0 0.0
 3.300000 0.0 0.0 0.0 0.138 0.0 0.0 0.0 0.0 0.0 0.0 0.0
 3.310000 0.0 0.0 0.0 0.1376 0.0 0.0 0.0 0.0 0.0 0.0 0.0
 3.320000 0.0 0.0 0.0 0.1372 0.0 0.0 0.0 0.0 0.0 0.0 0.0
 3.330000 0.0 0.0 0.0 0.13679999999999998 0.0 0.0 0.0 0.0 0.0 0.0 0.0
 3.340000 0.0 0.0 0.0 0.13640000000000002 0.0 0.0 0.0 0.0 0.0 0.0 0.0
 3.350000 0.0 0.0 0.0 0.136 0.0 0.0 0.0 0.0 0.0 0.0 0.0
 3.360000 0.0 0.0 0.0 0.1356 0.0 0.0 0.0 0.0 0.0 0.0 0.0
 3.370000 0.0 0.0 0.0 0.1352 0.0 0.0 0.0 0.0 0.0 0.0 0.0
 3.380000 0.0 0.0 0.0 0.1348 0.0 0.0 0.0 0.0 0.0 0.0 0.0
 3.390000 0.0 0.0 0.0 0.1344 0.0 0.0 0.0 0.0 0.0 0.0 0.0
 3.400000 0.0 0.0 0.0 0.134 0.0 0.0 0.0 0.0 0.0 0.0 0.0
 3.410000 0.0 0.0 0.0 0.1336 0.0 0.0 0.0 0.0 0.0 0.0 0.0
 3.420000 0.0 0.0 0.0 0.1332 0.0 0.0 0.0 0.0 0.0 0.0 0.0
 3.430000 0.0 0.0 0.0 0.1328 0.0 0.0 0.0 0.0 0.0 0.0 0.0
 3.440000 0.0 0.0 0.0 0.13240000000000002 0.0 0.0 0.0 0.0 0.0 0.0 0.0
 3.450000 0.0 0.0 0.0 0.132 0.0 0.0 0.0 0.0 0.0 0.0 0.0
 3.460000 0.0 0.0 0.0 0.1316 0.0 0.0 0.0 0.0 0.0 0.0 0.0
 3.470000 0.0 0.0 0.0 0.1312 0.0 0.0 0.0 0.0 0.0 0.0 0.0
 3.480000 0.0 0.0 0.0 0.1308 0.0 0.0 0.0 0.0 0.0 0.0 0.0
 3.490000 0.0 0.0 0.0 0.13040000000000002 0.0 0.0 0.0 0.0 0.0 0.0 0.0
 3.500000 0.0 0.0 0.0 0.13 0.0 0.0 0.0 0.0 0.0 0.0 0.0
 3.510000 0.0 0.0 0.0 0.12940000000000002 0.0 0.0 0.0 0.0 0.0 0.0 0.0
 3.520000 0.0 0.0 0.0 0.1288 0.0 0.0 0.0 0.0 0.0 0.0 0.0
 3.530000 0.0 0.0 0.0 0.1282 0.0 0.0 0.0 0.0 0.0 0.0 0.0
 3.540000 0.0 0.0 0.0 0.1276 0.0 0.0 0.0 0.0 0.0 0.0 0.0
 3.550000 0.0 0.0 0.0 0.127 0.0 0.0 0.0 0.0 0.0 0.0 0.0
 3.560000 0.0 0.0 0.0 0.1264 0.0 0.0 0.0 0.0 0.0 0.0 0.0
 3.570000 0.0 0.0 0.0 0.12580000000000002 0.0 0.0 0.0 0.0 0.0 0.0 0.0
 3.580000 0.0 0.0 0.0 0.1252 0.0 0.0 0.0 0.0 0.0 0.0 0.0
 3.590000 0.0 0.0 0.0 0.12460000000000002 0.0 0.0 0.0 0.0 0.0 0.0 0.0
 3.600000 0.0 0.0 0.0 0.124 0.0 0.0 0.0 0.0 0.0 0.0 0.0
 3.610000 0.0 0.0 0.0 0.12340000000000001 0.0 0.0 0.0 0.0 0.0 0.0 0.0
 3.620000 0.0 0.0 0.0 0.12279999999999999 0.0 0.0 0.0 0.0 0.0 0.0 0.0
 3.630000 0.0 0.0 0.0 0.12220000000000002 0.0 0.0 0.0 0.0 0.0 0.0 0.0
 3.640000 0.0 0.0 0.0 0.1216 0.0 0.0 0.0 0.0 0.0 0.0 0.0
 3.650000 0.0 0.0 0.0 0.12100000000000001 0.0 0.0 0.0 0.0 0.0 0.0 0.0
 3.660000 0.0 0.0 0.0 0.1204 0.0 0.0 0.0 0.0 0.0 0.0 0.0
 3.670000 0.0 0.0 0.0 0.1198 0.0 0.0 0.0 0.0 0.0 0.0 0.0
 3.680000 0.0 0.0 0.0 0.11919999999999999 0.0 0.0 0.0 0.0 0.0 0.0 0.0
 3.690000 0.0 0.0 0.0 0.11860000000000001 0.0 0.0 0.0 0.0 0.0 0.0 0.0
 3.700000 0.0 0.0 0.0 0.118 0.0 0.0 0.0 0.0 0.0 0.0 0.0
 3.710000 0.0 0.0 0.0 0.1174 0.0 0.0 0.0 0.0 0.0 0.0 0.0
 3.720000 0.0 0.0 0.0 0.11679999999999999 0.0 0.0 0.0 0.0 0.0 0.0 0.0
 3.730000 0.0 0.0 0.0 0.11620000000000001 0.0 0.0 0.0 0.0 0.0 0.0 0.0
 3.740000 0.0 0.0 0.0 0.1156 0.0 0.0 0.0 0.0 0.0 0.0 0.0
 3.750000 0.0 0.0 0.0 0.115 0.0 0.0 0.0 0.0 0.0 0.0 0.0
 3.760000 0.0 0.0 0.0 0.11440000000000003 0.0 0.0 0.0 0.0 0.0 0.0 0.0
 3.770000 0.0 0.0 0.0 0.11380000000000001 0.0 0.0 0.0 0.0 0.0 0.0 0.0
 3.780000 0.0 0.0 0.0 0.11320000000000002 0.0 0.0 0.0 0.0 0.0 0.0 0.0
 3.790000 0.0 0.0 0.0 0.1126 0.0 0.0 0.0 0.0 0.0 0.0 0.0
 3.800000 0.0 0.0 0.0 0.11200000000000002 0.0 0.0 0.0 0.0 0.0 0.0 0.0
 3.810000 0.0 0.0 0.0 0.1114 0.0 0.0 0.0 0.0 0.0 0.0 0.0
 3.820000 0.0 0.0 0.0 0.11080000000000001 0.0 0.0 0.0 0.0 0.0 0.0 0.0
 3.830000 0.0 0.0 0.0 0.11019999999999999 0.0 0.0 0.0 0.0 0.0 0.0 0.0
 3.840000 0.0 0.0 0.0 0.10960000000000002 0.0 0.0 0.0 0.0 0.0 0.0 0.0
 3.850000 0.0 0.0 0.0 0.109 0.0 0.0 0.0 0.0 0.0 0.0 0.0
 3.860000 0.0 0.0 0.0 0.10840000000000002 0.0 0.0 0.0 0.0 0.0 0.0 0.0
 3.870000 0.0 0.0 0.0 0.1078 0.0 0.0 0.0 0.0 0.0 0.0 0.0
 3.880000 0.0 0.0 0.0 0.10720000000000002 0.0 0.0 0.0 0.0 0.0 0.0 0.0
 3.890000 0.0 0.0 0.0 0.1066 0.0 0.0 0.0 0.0 0.0 0.0 0.0
 3.900000 0.0 0.0 0.0 0.10600000000000001 0.0 0.0 0.0 0.0 0.0 0.0 0.0
 3.910000 0.0 0.0 0.0 0.1054 0.0 0.0 0.0 0.0 0.0 0.0 0.0
 3.920000 0.0 0.0 0.0 0.1048 0.0 0.0 0.0 0.0 0.0 0.0 0.0
 3.930000 0.0 0.0 0.0 0.10419999999999999 0.0 0.0 0.0 0.0 0.0 0.0 0.0
 3.940000 0.0 0.0 0.0 0.10360000000000001 0.0 0.0 0.0 0.0 0.0 0.0 0.0
 3.950000 0.0 0.0 0.0 0.103 0.0 0.0 0.0 0.0 0.0 0.0 0.0
 3.960000 0.0 0.0 0.0 0.1024 0.0 0.0 0.0 0.0 0.0 0.0 0.0
 3.970000 0.0 0.0 0.0 0.10179999999999999 0.0 0.0 0.0 0.0 0.0 0.0 0.0
 3.980000 0.0 0.0 0.0 0.10120000000000001 0.0 0.0 0.0 0.0 0.0 0.0 0.0
 3.990000 0.0 0.0 0.0 0.1006 0.0 0.0 0.0 0.0 0.0 0.0 0.0
 4.000000 0.0 0.0 0.0 0.1 0.0 0.0 0.0 0.0 0.0 0.0 0.0
 4.010000 0.0 0.0 0.0 0.09800000000000005 0.0 0.0 0.0 0.0 0.0 0.0 0.0
 4.020000 0.0 0.0 0.0 0.09600000000000009 0.0 0.0 0.0 0.0 0.0 0.0 0.0
 4.030000 0.0 0.0 0.0 0.09399999999999996 0.0 0.0 0.0 0.0 0.0 0.0 0.0
 4.040000 0.0 0.0 0.0 0.092 0.0 0.0 0.0 0.0 0.0 0.0 0.0
 4.050000 0.0 0.0 0.0 0.09000000000000004 0.0 0.0 0.0 0.0 0.0 0.0 0.0
 4.060000 0.0 0.0 0.0 0.08800000000000008 0.0 0.0 0.0 0.0 0.0 0.0 0.0
 4.070000 0.0 0.0 0.0 0.08599999999999995 0.0 0.0 0.0 0.0 0.0 0.0 0.0
 4.080000 0.0 0.0 0.0 0.08399999999999999 0.0 0.0 0.0 0.0 0.0 0.0 0.0
 4.090000 0.0 0.0 0.0 0.08200000000000003 0.0 0.0 0.0 0.0 0.0 0.0 0.0
 4.100000 0.0 0.0 0.0 0.08000000000000007 0.0 0.0 0.0 0.0 0.0 0.0 0.0
 4.110000 0.0 0.0 0.0 0.07799999999999994 0.0 0.0 0.0 0.0 0.0 0.0 0.0
 4.120000 0.0 0.0 0.0 0.07599999999999998 0.0 0.0 0.0 0.0 0.0 0.0 0.0
 4.130000 0.0 0.0 0.0 0.07400000000000002 0.0 0.0 0.0 0.0 0.0 0.0 0.0
 4.140000 0.0 0.0 0.0 0.07200000000000006 0.0 0.0 0.0 0.0 0.0 0.0 0.0
 4.150000 0.0 0.0 0.0 0.06999999999999994 0.0 0.0 0.0 0.0 0.0 0.0 0.0
 4.160000 0.0 0.0 0.0 0.06799999999999998 0.0 0.0 0.0 0.0 0.0 0.0 0.0
 4.170000 0.0 0.0 0.0 0.06600000000000002 0.0 0.0 0.0 0.0 0.0 0.0 0.0
 4.180000 0.0 0.0 0.0 0.06400000000000006 0.0 0.0 0.0 0.0 0.0 0.0 0.0
 4.190000 0.0 0.0 0.0 0.06199999999999992 0.0 0.0 0.0 0.0 0.0 0.0 0.0
 4.200000 0.0 0.0 0.0 0.05999999999999997 0.0 0.0 0.0 0.0 0.0 0.0 0.0
 4.210000 0.0 0.0 0.0 0.05800000000000001 0.0 0.0 0.0 0.0 0.0 0.0 0.0
 4.220000 0.0 0.0 0.0 0.05600000000000005 0.0 0.0 0.0 0.0 0.0 0.0 0.0
 4.230000 0.0 0.0 0.0 0.053999999999999916 0.0 0.0 0.0 0.0 0.0 0.0 0.0
 4.240000 0.0 0.0 0.0 0.05199999999999996 0.0 0.0 0.0 0.0 0.0 0.0 0.0
 4.250000 0.0 0.0 0.0 0.05 0.0 0.0 0.0 0.0 0.0 0.0 0.0
 4.260000 0.0 0.0 0.0 0.04800000000000004 0.0 0.0 0.0 0.0 0.0 0.0 0.0
 4.270000 0.0 0.0 0.0 0.04600000000000009 0.0 0.0 0.0 0.0 0.0 0.0 0.0
 4.280000 0.0 0.0 0.0 0.043999999999999956 0.0 0.0 0.0 0.0 0.0 0.0 0.0
 4.290000 0.0 0.0 0.0 0.041999999999999996 0.0 0.0 0.0 0.0 0.0 0.0 0.0
 4.300000 0.0 0.0 0.0 0.040000000000000036 0.0 0.0 0.0 0.0 0.0 0.0 0.0
 4.310000 0.0 0.0 0.0 0.03800000000000008 0.0 0.0 0.0 0.0 0.0 0.0 0.0
 4.320000 0.0 0.0 0.0 0.03599999999999994 0.0 0.0 0.0 0.0 0.0 0.0 0.0
 4.330000 0.0 0.0 0.0 0.03399999999999999 0.0 0.0 0.0 0.0 0.0 0.0 0.0
 4.340000 0.0 0.0 0.0 0.03200000000000003 0.0 0.0 0.0 0.0 0.0 0.0 0.0
 4.350000 0.0 0.0 0.0 0.030000000000000072 0.0 0.0 0.0 0.0 0.0 0.0 0.0
 4.360000 0.0 0.0 0.0 0.027999999999999938 0.0 0.0 0.0 0.0 0.0 0.0 0.0
 4.370000 0.0 0.0 0.0 0.02599999999999998 0.0 0.0 0.0 0.0 0.0 0.0 0.0
 4.380000 0.0 0.0 0.0 0.02400000000000002 0.0 0.0 0.0 0.0 0.0 0.0 0.0
 4.390000 0.0 0.0 0.0 0.022000000000000065 0.0 0.0 0.0 0.0 0.0 0.0 0.0
 4.400000 0.0 0.0 0.0 0.01999999999999993 0.0 0.0 0.0 0.0 0.0 0.0 0.0
 4.410000 0.0 0.0 0.0 0.01799999999999997 0.0 0.0 0.0 0.0 0.0 0.0 0.0
 4.420000 0.0 0.0 0.0 0.016000000000000014 0.0 0.0 0.0 0.0 0.0 0.0 0.0
 4.430000 0.0 0.0 0.0 0.014000000000000058 0.0 0.0 0.0 0.0 0.0 0.0 0.0
 4.440000 0.0 0.0 0.0 0.011999999999999922 0.0 0.0 0.0 0.0 0.0 0.0 0.0
 4.450000 0.0 0.0 0.0 0.009999999999999966 0.0 0.0 0.0 0.0 0.0 0.0 0.0
 4.460000 0.0 0.0 0.0 0.008000000000000007 0.0 0.0 0.0 0.0 0.0 0.0 0.0
 4.470000 0.0 0.0 0.0 0.00600000000000005 0.0 0.0 0.0 0.0 0.0 0.0 0.0
 4.480000 0.0 0.0 0.0 0.003999999999999915 0.0 0.0 0.0 0.0 0.0 0.0 0.0
 4.490000 0.0 0.0 0.0 0.0019999999999999575 0.0 0.0 0.0 0.0 0.0 0.0 0.0
 4.500000 0.0 0.0 0.0 0.0 0.0 0.0 0.0 0.0 0.0 0.0 0.0
 4.510000 0.0 0.0 0.0 0.0 0.0 0.0 0.0 0.0 0.0 0.0 0.0
 4.520000 0.0 0.0 0.0 0.0 0.0 0.0 0.0 0.0 0.0 0.0 0.0
 4.530000 0.0 0.0 0.0 0.0 0.0 0.0 0.0 0.0 0.0 0.0 0.0
 4.540000 0.0 0.0 0.0 0.0 0.0 0.0 0.0 0.0 0.0 0.0 0.0
 4.550000 0.0 0.0 0.0 0.0 0.0 0.0 0.0 0.0 0.0 0.0 0.0
 4.560000 0.0 0.0 0.0 0.0 0.0 0.0 0.0 0.0 0.0 0.0 0.0
 4.570000 0.0 0.0 0.0 0.0 0.0 0.0 0.0 0.0 0.0 0.0 0.0
 4.580000 0.0 0.0 0.0 0.0 0.0 0.0 0.0 0.0 0.0 0.0 0.0
 4.590000 0.0 0.0 0.0 0.0 0.0 0.0 0.0 0.0 0.0 0.0 0.0
 4.600000 0.0 0.0 0.0 0.0 0.0 0.0 0.0 0.0 0.0 0.0 0.0
 4.610000 0.0 0.0 0.0 0.0 0.0 0.0 0.0 0.0 0.0 0.0 0.0
 4.620000 0.0 0.0 0.0 0.0 0.0 0.0 0.0 0.0 0.0 0.0 0.0
 4.630000 0.0 0.0 0.0 0.0 0.0 0.0 0.0 0.0 0.0 0.0 0.0
 4.640000 0.0 0.0 0.0 0.0 0.0 0.0 0.0 0.0 0.0 0.0 0.0
 4.650000 0.0 0.0 0.0 0.0 0.0 0.0 0.0 0.0 0.0 0.0 0.0
 4.660000 0.0 0.0 0.0 0.0 0.0 0.0 0.0 0.0 0.0 0.0 0.0
 4.670000 0.0 0.0 0.0 0.0 0.0 0.0 0.0 0.0 0.0 0.0 0.0
 4.680000 0.0 0.0 0.0 0.0 0.0 0.0 0.0 0.0 0.0 0.0 0.0
 4.690000 0.0 0.0 0.0 0.0 0.0 0.0 0.0 0.0 0.0 0.0 0.0
 4.700000 0.0 0.0 0.0 0.0 0.0 0.0 0.0 0.0 0.0 0.0 0.0
 4.710000 0.0 0.0 0.0 0.0 0.0 0.0 0.0 0.0 0.0 0.0 0.0
 4.720000 0.0 0.0 0.0 0.0 0.0 0.0 0.0 0.0 0.0 0.0 0.0
 4.730000 0.0 0.0 0.0 0.0 0.0 0.0 0.0 0.0 0.0 0.0 0.0
 4.740000 0.0 0.0 0.0 0.0 0.0 0.0 0.0 0.0 0.0 0.0 0.0
 4.750000 0.0 0.0 0.0 0.0 0.0 0.0 0.0 0.0 0.0 0.0 0.0
 4.760000 0.0 0.0 0.0 0.0 0.0 0.0 0.0 0.0 0.0 0.0 0.0
 4.770000 0.0 0.0 0.0 0.0 0.0 0.0 0.0 0.0 0.0 0.0 0.0
 4.780000 0.0 0.0 0.0 0.0 0.0 0.0 0.0 0.0 0.0 0.0 0.0
 4.790000 0.0 0.0 0.0 0.0 0.0 0.0 0.0 0.0 0.0 0.0 0.0
 4.800000 0.0 0.0 0.0 0.0 0.0 0.0 0.0 0.0 0.0 0.0 0.0
 4.810000 0.0 0.0 0.0 0.0 0.0 0.0 0.0 0.0 0.0 0.0 0.0
 4.820000 0.0 0.0 0.0 0.0 0.0 0.0 0.0 0.0 0.0 0.0 0.0
 4.830000 0.0 0.0 0.0 0.0 0.0 0.0 0.0 0.0 0.0 0.0 0.0
 4.840000 0.0 0.0 0.0 0.0 0.0 0.0 0.0 0.0 0.0 0.0 0.0
 4.850000 0.0 0.0 0.0 0.0 0.0 0.0 0.0 0.0 0.0 0.0 0.0
 4.860000 0.0 0.0 0.0 0.0 0.0 0.0 0.0 0.0 0.0 0.0 0.0
 4.870000 0.0 0.0 0.0 0.0 0.0 0.0 0.0 0.0 0.0 0.0 0.0
 4.880000 0.0 0.0 0.0 0.0 0.0 0.0 0.0 0.0 0.0 0.0 0.0
 4.890000 0.0 0.0 0.0 0.0 0.0 0.0 0.0 0.0 0.0 0.0 0.0
 4.900000 0.0 0.0 0.0 0.0 0.0 0.0 0.0 0.0 0.0 0.0 0.0
 4.910000 0.0 0.0 0.0 0.0 0.0 0.0 0.0 0.0 0.0 0.0 0.0
 4.920000 0.0 0.0 0.0 0.0 0.0 0.0 0.0 0.0 0.0 0.0 0.0
 4.930000 0.0 0.0 0.0 0.0 0.0 0.0 0.0 0.0 0.0 0.0 0.0
 4.940000 0.0 0.0 0.0 0.0 0.0 0.0 0.0 0.0 0.0 0.0 0.0
 4.950000 0.0 0.0 0.0 0.0 0.0 0.0 0.0 0.0 0.0 0.0 0.0
 4.960000 0.0 0.0 0.0 0.0 0.0 0.0 0.0 0.0 0.0 0.0 0.0
 4.970000 0.0 0.0 0.0 0.0 0.0 0.0 0.0 0.0 0.0 0.0 0.0
 4.980000 0.0 0.0 0.0 0.0 0.0 0.0 0.0 0.0 0.0 0.0 0.0
 4.990000 0.0 0.0 0.0 0.0 0.0 0.0 0.0 0.0 0.0 0.0 0.0
 5.000000 0.0 0.0 0.0 0.0 0.0 0.0 0.0 0.0 0.0 0.0 0.0
