# face static nodes (hand-selected??)

38 39 40 41 48 49 50 51 52 53 54 55 56 57 58 63 64 65 130 
135 136 137 138 139 142 143 144 188 191 192 193 194 195 196 197 
198 200 201 202 540 541 542 543 544 545 546 547 548 549 550 551 
552 553 554 555 556 557 558 559 560 561 562 563 564 565 566 567 
568 603 604 605 606 607 608 609 610 611 612 613 614 615 616 617 
618 619 620 621 622 623 624 625 626 627 628 629 630 631 632 633 
634 635 636 637 638 639 640 697 698 699 700 701 702 703 704 705 
706 707 708 709 710 711 712 713 714 715 716 717 718 719 720 721 
722 723 724 725 726 727 728 729 730 731 732 733 734 735 736 737 
738 739 740 741 742 743 744 745 746 747 748 749 750 751 752 971 
972 973 974 975 976 977 978 979 980 981 982 983 984 985 986 987 
988 989 990 991 992 993 1028 2314 2315 2316 2317 2318 2319 2320 
2321 2377 2731 2732 2733 2734 2735 2736 2737 2738 2739 2740 2741 
2742 2743 2744 2746 2748 2750 2752 2809 2810 2811 2812 2813 2814 
2815 2816 2817 2818 2819 2820 2821 2822 2823 2824 2825 2826 2827 
2828 2829 2830 2896 2897 2898 2899 2900 2901 2903 2904 2905 2906 
2908 2909 2911 2912 2914 2915 2917 2918 2929 2930 2931 2932 2933 
2938 3235 3238 3241 3244 3247 3250 3253 3256 3259 3262 3265 3268 
3271 3274 3277 3280 3283 3286 3289 3292 3305 3306 3307 3308 3309 
3310 3311 3312 3313 3314 3315 3316 3317 3318 3319 3320 3321 3322 
3323 3324 3325 3326 3327 3328 3329 3330 3331 3332 3333 3334 3335 
3336 3337 3338 3339 3340 3341 3342 3343 3344 3345 3346 3347 3348 
3349 3350 3351 3352 3353 3354 3355 3356 3357 3358 3359 3360 3361 
3362 3363 3364 3365 3366 3367 3368 3369 3370 3371 3372 3373 3374 
3375 3376 3377 3378 3379 3380 3381 3382 3383 3384 3385 3386 3395 
3396 3397 3398 3399 3400 3401 3402 3403 3404 3405 3406 3407 3408 
3409 3410 3411 3412 3413 3414 3415 3416 3417 3418 3419 3420 3421 
3422 3423 3424 3425 3426 3427 3428 3429 3430 3431 3432 3433 3434 
3435 3436 3437 3438 3439 3440 3441 3442 3443 3444 3445 3446 3447 
3448 3449 3450 3451 3452 3453 3454 3455 3456 3457 3458 3459 3460 
3461 3462 3463 3464 3465 3466 3467 3468 3469 3470 3471 3472 3473 
3474 3475 3476 3477 3478 3479 3480 3481 3482 3483 3484 3485 3486 
3487 3488 3489 3490 3491 3492 3493 3494 3495 3496 3497 3499 3500 
3501 3503 3504 3505 3507 3508 3509 3511 3512 3513 3514 3515 3516 
3517 3518 3519 3520 3521 3522 3523 3524 3525 4520 4521 4522 4523 
4530 4531 4532 4533 4534 4535 4536 4537 4538 4539 4544 4545 4546 
4609 4614 4615 4616 4617 4618 4621 4622 4623 4666 4669 4670 4671 
4672 4673 4674 4675 4676 4678 4679 4680 5003 5004 5005 5006 5007 
5008 5009 5010 5011 5012 5013 5014 5015 5016 5017 5018 5019 5020 
5021 5022 5023 5024 5025 5026 5027 5028 5029 5030 5031 5065 5066 
5067 5068 5069 5070 5071 5072 5073 5074 5075 5076 5077 5078 5079 
5080 5081 5082 5083 5084 5085 5086 5087 5088 5089 5090 5091 5092 
5093 5094 5095 5152 5153 5154 5155 5156 5157 5158 5159 5160 5161 
5162 5163 5164 5165 5166 5167 5168 5169 5170 5171 5172 5173 5174 
5175 5176 5177 5178 5179 5180 5181 5182 5183 5184 5185 5186 5187 
5188 5189 5190 5191 5192 5193 5194 5195 5196 5197 5198 5199 5200 
5201 5202 5203 5204 5205 5206 5207 5406 5407 5408 5409 5410 5411 
5412 5413 5414 5415 5416 5417 5418 5419 5420 5421 5422 5423 5424 
5425 5426 5427 5428 5463 5921 6702 6703 6704 6705 6706 6707 6708 
6709 6765 6766 7118 7119 7120 7121 7122 7123 7124 7125 7126 7127 
7128 7129 7130 7131 7133 7135 7137 7139 7196 7197 7198 7199 7200 
7201 7202 7203 7204 7205 7206 7207 7208 7209 7210 7211 7212 7213 
7214 7215 7216 7217 7283 7284 7285 7286 7287 7288 7290 7291 7292 
7293 7295 7296 7298 7299 7301 7302 7304 7305 7306 7534 7537 7540 
7543 7546 7549 7552 7555 7558 7561 7564 7567 7570 7573 7576 7579 
7582 7585 7588 7591 7603 7604 7605 7606 7607 7608 7609 7610 7611 
7612 7613 7614 7615 7616 7617 7618 7619 7620 7621 7622 7623 7624 
7625 7626 7627 7628 7629 7630 7631 7632 7633 7634 7635 7636 7637 
7638 7639 7640 7641 7642 7643 7644 7645 7646 7647 7648 7649 7650 
7651 7652 7653 7654 7655 7656 7657 7658 7659 7660 7661 7662 7663 
7664 7665 7666 7667 7668 7669 7670 7671 7672 7673 7674 7675 7676 
7677 7678 7679 7680 7681 7682 7683 7684 7693 7694 7695 7696 7697 
7698 7699 7700 7701 7702 7703 7704 7705 7706 7707 7708 7709 7710 
7711 7712 7713 7714 7715 7716 7717 7718 7719 7720 7721 7722 7723 
7724 7725 7726 7727 7728 7729 7730 7731 7732 7733 7734 7735 7736 
7737 7738 7739 7740 7741 7742 7743 7744 7745 7746 7747 7748 7749 
7750 7751 7752 7753 7754 7755 7756 7757 7758 7759 7760 7761 7762 
7763 7764 7765 7766 7767 7768 7769 7770 7771 7772 7773 7774 7775 
7776 7777 7778 7779 7780 7781 7782 7783 7784 7785 7786 7787 7789 
7790 7791 7793 7794 7795 7797 7798 7799 7800 7801 7802 7803 7804 
7805 7806 7807 7808 7809 7810 7811