# face attachments to jaw

37 43 44 129 132 133 187 189 521 522 523 524 525 526 527 528 
529 530 531 532 533 534 537 538 539 580 581 582 583 584 585 586 
587 588 589 590 591 592 593 594 595 2066 2067 2068 2069 2072 2076 
2080 2084 2088 2089 2097 2098 2103 2104 2109 2110 2114 2129 2130 
2131 2132 2133 2135 2136 2137 2138 2139 2140 2233 2234 2235 2236 
2237 2238 2239 2240 2241 2246 2247 2248 2249 2250 2251 2252 2253 
2259 2260 2261 2262 2263 2264 2265 2266 2271 2272 2273 2274 2275 
2276 2277 2278 2283 2284 2285 2286 2287 2288 2289 2290 2296 2297 
2298 2299 2300 2301 2302 2304 2305 2306 2307 2308 2309 2384 2385 
2386 2387 2388 2389 2390 2391 2392 2393 2394 2395 2396 2397 2664 
2665 2666 2667 2668 2669 2670 2671 2672 2673 2674 2675 2676 2677 
2986 2987 2988 2989 2990 2991 2992 3145 3157 3169 3170 3175 3176 
3181 3184 3187 3188 4519 4525 4526 4608 4611 4612 4665 4667 4984 
4985 4986 4987 4988 4989 4990 4991 4992 4993 4994 4995 4996 4997 
5000 5001 5002 5043 5044 5045 5046 5047 5048 5049 5050 5051 5052 
5053 5054 5055 5056 5057 5058 6454 6455 6456 6457 6460 6464 6468 
6472 6476 6477 6485 6486 6491 6492 6497 6498 6502 6517 6518 6519 
6520 6521 6523 6524 6525 6526 6527 6528 6621 6622 6623 6624 6625 
6626 6627 6628 6629 6634 6635 6636 6637 6638 6639 6640 6641 6647 
6648 6649 6650 6651 6652 6653 6654 6659 6660 6661 6662 6663 6664 
6665 6666 6671 6672 6673 6674 6675 6676 6677 6678 6684 6685 6686 
6687 6688 6689 6690 6692 6693 6694 6695 6696 6697 6772 6773 6774 
6775 6776 6777 6778 6779 6780 6781 6782 6783 6784 6785 7051 7052 
7053 7054 7055 7056 7057 7058 7059 7060 7061 7062 7063 7064 7444 
7456 7468 7469 7474 7475 7480 7483 7486 7487 
